0.000000 0 0
0.001000 0 0
0.002000 1 0
0.003000 1 0
0.004000 2 0
0.005000 3 0
0.006000 3 0
0.007000 4 0
0.008000 5 0
0.009000 5 0
0.010000 6 0
0.011000 6 0
0.012000 7 0
0.013000 8 0
0.014000 8 0
0.015000 9 0
0.016000 10 0
0.017000 10 0
0.018000 11 0
0.019000 11 0
0.020000 12 0
0.021000 13 0
0.022000 13 0
0.023000 14 0
0.024000 15 0
0.025000 15 0
0.026000 16 0
0.027000 16 0
0.028000 17 0
0.029000 18 0
0.030000 18 0
0.031000 19 0
0.032000 19 0
0.033000 20 0
0.034000 21 0
0.035000 21 0
0.036000 22 0
0.037000 23 0
0.038000 23 0
0.039000 24 0
0.040000 24 3
0.041000 25 3
0.042000 26 3
0.043000 26 4
0.044000 27 4
0.045000 27 4
0.046000 28 4
0.047000 29 4
0.048000 29 4
0.049000 30 4
0.050000 30 5
0.051000 31 5
0.052000 32 8
0.053000 32 8
0.054000 33 9
0.055000 33 12
0.056000 34 14
0.057000 35 17
0.058000 35 18
0.059000 36 20
0.060000 36 21
0.061000 37 24
0.062000 37 21
0.063000 38 20
0.064000 39 26
0.065000 39 26
0.066000 40 17
0.067000 40 26
0.068000 41 24
0.069000 42 28
0.070000 42 27
0.071000 43 23
0.072000 43 31
0.073000 44 25
0.074000 44 30
0.075000 45 24
0.076000 45 21
0.077000 46 27
0.078000 47 28
0.079000 47 29
0.080000 48 26
0.081000 48 32
0.082000 49 31
0.083000 49 26
0.084000 50 29
0.085000 50 39
0.086000 51 32
0.087000 51 38
0.088000 52 31
0.089000 53 33
0.090000 53 33
0.091000 54 46
0.092000 54 41
0.093000 55 51
0.094000 55 46
0.095000 56 38
0.096000 56 51
0.097000 57 47
0.098000 57 56
0.099000 58 50
0.100000 58 61
0.101000 59 63
0.102000 59 62
0.103000 60 57
0.104000 60 61
0.105000 61 66
0.106000 61 68
0.107000 62 53
0.108000 62 68
0.109000 63 70
0.110000 63 68
0.111000 64 76
0.112000 64 70
0.113000 65 68
0.114000 65 58
0.115000 66 64
0.116000 66 81
0.117000 67 73
0.118000 67 71
0.119000 67 76
0.120000 68 87
0.121000 68 81
0.122000 69 75
0.123000 69 76
0.124000 70 64
0.125000 70 74
0.126000 71 77
0.127000 71 76
0.128000 72 77
0.129000 72 75
0.130000 72 67
0.131000 73 88
0.132000 73 91
0.133000 74 66
0.134000 74 76
0.135000 75 87
0.136000 75 79
0.137000 75 77
0.138000 76 82
0.139000 76 65
0.140000 77 97
0.141000 77 75
0.142000 77 78
0.143000 78 79
0.144000 78 74
0.145000 79 67
0.146000 79 80
0.147000 79 94
0.148000 80 62
0.149000 80 80
0.150000 80 85
0.151000 81 89
0.152000 81 84
0.153000 81 82
0.154000 82 85
0.155000 82 84
0.156000 83 92
0.157000 83 85
0.158000 83 88
0.159000 84 74
0.160000 84 88
0.161000 84 87
0.162000 85 78
0.163000 85 79
0.164000 85 90
0.165000 86 98
0.166000 86 86
0.167000 86 69
0.168000 87 95
0.169000 87 93
0.170000 87 73
0.171000 87 91
0.172000 88 92
0.173000 88 90
0.174000 88 92
0.175000 89 78
0.176000 89 88
0.177000 89 91
0.178000 89 75
0.179000 90 89
0.180000 90 90
0.181000 90 90
0.182000 91 97
0.183000 91 81
0.184000 91 86
0.185000 91 94
0.186000 92 80
0.187000 92 94
0.188000 92 92
0.189000 92 93
0.190000 92 99
0.191000 93 79
0.192000 93 119
0.193000 93 103
0.194000 93 90
0.195000 94 98
0.196000 94 86
0.197000 94 106
0.198000 94 105
0.199000 94 94
0.200000 95 107
0.201000 95 93
0.202000 95 115
0.203000 95 88
0.204000 95 107
0.205000 96 112
0.206000 96 102
0.207000 96 102
0.208000 96 89
0.209000 96 115
0.210000 96 96
0.211000 97 114
0.212000 97 113
0.213000 97 112
0.214000 97 108
0.215000 97 124
0.216000 97 116
0.217000 97 113
0.218000 97 110
0.219000 98 110
0.220000 98 117
0.221000 98 95
0.222000 98 112
0.223000 98 83
0.224000 98 117
0.225000 98 100
0.226000 98 102
0.227000 98 110
0.228000 99 116
0.229000 99 103
0.230000 99 103
0.231000 99 109
0.232000 99 98
0.233000 99 109
0.234000 99 114
0.235000 99 106
0.236000 99 107
0.237000 99 109
0.238000 99 108
0.239000 99 92
0.240000 99 101
0.241000 99 91
0.242000 99 94
0.243000 99 98
0.244000 99 85
0.245000 99 104
0.246000 99 89
0.247000 99 103
0.248000 99 97
0.249000 99 76
0.250000 99 91
0.251000 99 87
0.252000 99 79
0.253000 99 81
0.254000 99 89
0.255000 99 84
0.256000 99 80
0.257000 99 87
0.258000 99 87
0.259000 99 86
0.260000 99 78
0.261000 99 82
0.262000 99 83
0.263000 99 88
0.264000 99 94
0.265000 99 92
0.266000 99 92
0.267000 99 87
0.268000 99 72
0.269000 99 92
0.270000 99 90
0.271000 99 86
0.272000 99 84
0.273000 98 97
0.274000 98 82
0.275000 98 93
0.276000 98 94
0.277000 98 92
0.278000 98 99
0.279000 98 81
0.280000 98 98
0.281000 98 92
0.282000 97 103
0.283000 97 100
0.284000 97 82
0.285000 97 101
0.286000 97 100
0.287000 97 102
0.288000 97 101
0.289000 97 106
0.290000 96 106
0.291000 96 87
0.292000 96 102
0.293000 96 101
0.294000 96 96
0.295000 96 98
0.296000 95 85
0.297000 95 103
0.298000 95 98
0.299000 95 96
0.300000 95 105
0.301000 94 101
0.302000 94 97
0.303000 94 89
0.304000 94 99
0.305000 94 102
0.306000 93 91
0.307000 93 101
0.308000 93 71
0.309000 93 99
0.310000 92 110
0.311000 92 93
0.312000 92 103
0.313000 92 90
0.314000 92 103
0.314999 91 87
0.315999 91 96
0.316999 91 94
0.317999 91 84
0.318999 90 96
0.319999 90 96
0.320999 90 88
0.321999 89 89
0.322999 89 83
0.323999 89 85
0.324999 89 85
0.325999 88 79
0.326999 88 92
0.327999 88 93
0.328999 87 99
0.329999 87 89
0.330999 87 80
0.331999 87 87
0.332999 86 86
0.333999 86 76
0.334999 86 86
0.335999 85 87
0.336999 85 73
0.337999 85 92
0.338999 84 85
0.339999 84 87
0.340999 84 91
0.341999 83 87
0.342999 83 76
0.343999 83 85
0.344999 82 77
0.345999 82 76
0.346999 81 83
0.347999 81 84
0.348999 81 82
0.349999 80 89
0.350999 80 84
0.351999 80 79
0.352999 79 89
0.353999 79 79
0.354999 79 84
0.355999 78 84
0.356999 78 72
0.357999 77 80
0.358999 77 89
0.359999 77 80
0.360999 76 87
0.361999 76 86
0.362999 75 72
0.363999 75 88
0.364999 75 81
0.365999 74 76
0.366999 74 76
0.367999 73 80
0.368999 73 65
0.369999 72 77
0.370999 72 75
0.371999 72 69
0.372999 71 78
0.373999 71 75
0.374999 70 64
0.375999 70 51
0.376999 69 68
0.377999 69 63
0.378999 68 58
0.379999 68 75
0.380999 67 70
0.381999 67 61
0.382999 67 67
0.383999 66 69
0.384999 66 58
0.385999 65 57
0.386999 65 66
0.387999 64 66
0.388999 64 68
0.389999 63 56
0.390999 63 58
0.391998 62 57
0.392998 62 58
0.393998 61 50
0.394998 61 60
0.395998 60 53
0.396998 60 57
0.397998 59 51
0.398998 59 59
0.399998 58 52
0.400998 58 66
0.401998 57 48
0.402998 57 45
0.403998 56 52
0.404998 56 56
0.405998 55 54
0.406998 55 46
0.407998 54 44
0.408998 54 52
0.409998 53 51
0.410998 53 60
0.411998 52 41
0.412998 51 50
0.413998 51 41
0.414998 50 53
0.415998 50 43
0.416998 49 49
0.417998 49 46
0.418998 48 41
0.419998 48 48
0.420998 47 49
0.421998 47 39
0.422998 46 54
0.423998 45 53
0.424998 45 56
0.425998 44 48
0.426998 44 54
0.427998 43 53
0.428998 43 54
0.429998 42 51
0.430998 42 38
0.431998 41 53
0.432998 40 52
0.433998 40 57
0.434998 39 47
0.435998 39 46
0.436998 38 47
0.437998 37 49
0.438998 37 67
0.439998 36 44
0.440998 36 51
0.441998 35 48
0.442998 35 40
0.443998 34 40
0.444998 33 32
0.445998 33 29
0.446998 32 35
0.447998 32 41
0.448998 31 41
0.449998 30 30
0.450998 30 32
0.451998 29 30
0.452998 29 26
0.453998 28 24
0.454998 27 28
0.455998 27 30
0.456998 26 29
0.457998 26 28
0.458998 25 25
0.459998 24 22
0.460998 24 22
0.461998 23 22
0.462998 23 21
0.463998 22 26
0.464998 21 24
0.465998 21 23
0.466998 20 22
0.467998 19 24
0.468998 19 18
0.469997 18 20
0.470997 18 20
0.471997 17 16
0.472997 16 14
0.473997 16 11
0.474997 15 11
0.475997 15 10
0.476997 14 13
0.477997 13 13
0.478997 13 11
0.479997 12 10
0.480997 11 11
0.481997 11 11
0.482997 10 11
0.483997 10 11
0.484997 9 12
0.485997 8 14
0.486997 8 12
0.487997 7 13
0.488997 6 11
0.489997 6 10
0.490997 5 9
0.491997 5 9
0.492997 4 7
0.493997 3 5
0.494997 3 5
0.495997 2 5
0.496997 1 4
0.497997 1 3
0.498997 0 3
0.499997 0 0
0.500997 0 0
0.501997 -1 0
0.502997 -1 2
0.503997 -2 2
0.504997 -3 2
0.505997 -3 6
0.506997 -4 6
0.507997 -5 7
0.508997 -5 9
0.509997 -6 11
0.510997 -6 11
0.511997 -7 10
0.512997 -8 10
0.513997 -8 9
0.514997 -9 8
0.515997 -10 7
0.516997 -10 7
0.517997 -11 5
0.518997 -11 4
0.519997 -12 0
0.520997 -13 0
0.521997 -13 0
0.522997 -14 0
0.523997 -15 0
0.524997 -15 0
0.525997 -16 -1
0.526997 -16 -1
0.527997 -17 -1
0.528997 -18 -1
0.529997 -18 -4
0.530997 -19 -4
0.531997 -19 -4
0.532997 -20 -4
0.533997 -21 -3
0.534997 -21 -3
0.535997 -22 -2
0.536997 -23 0
0.537997 -23 0
0.538997 -24 0
0.539997 -24 0
0.540997 -25 0
0.541997 -26 0
0.542997 -26 0
0.543997 -27 0
0.544997 -27 0
0.545997 -28 0
0.546997 -29 0
0.547997 -29 0
0.548997 -30 0
0.549996 -30 0
0.550996 -31 0
0.551996 -32 0
0.552996 -32 0
0.553996 -33 0
0.554996 -33 0
0.555996 -34 0
0.556996 -35 0
0.557996 -35 0
0.558996 -36 0
0.559996 -36 0
0.560996 -37 0
0.561996 -37 0
0.562996 -38 -9
0.563996 -39 -12
0.564996 -39 -13
0.565996 -40 -20
0.566996 -40 -18
0.567996 -41 -21
0.568996 -42 -19
0.569996 -42 -23
0.570996 -43 -19
0.571996 -43 -21
0.572996 -44 -21
0.573996 -44 -20
0.574996 -45 -23
0.575996 -45 -17
0.576996 -46 -20
0.577996 -47 -28
0.578996 -47 -33
0.579996 -48 -34
0.580996 -48 -36
0.581996 -49 -39
0.582996 -49 -38
0.583996 -50 -39
0.584996 -50 -46
0.585996 -51 -43
0.586996 -51 -43
0.587996 -52 -50
0.588996 -53 -42
0.589996 -53 -54
0.590996 -54 -49
0.591996 -54 -47
0.592996 -55 -58
0.593996 -55 -53
0.594996 -56 -63
0.595996 -56 -57
0.596996 -57 -57
0.597996 -57 -49
0.598996 -58 -63
0.599996 -58 -67
0.600996 -59 -59
0.601996 -59 -68
0.602996 -60 -58
0.603996 -60 -77
0.604996 -61 -71
0.605996 -61 -65
0.606996 -62 -72
0.607996 -62 -79
0.608996 -63 -71
0.609996 -63 -73
0.610996 -64 -86
0.611996 -64 -85
0.612996 -65 -92
0.613996 -65 -85
0.614996 -66 -77
0.615996 -66 -95
0.616996 -67 -82
0.617996 -67 -92
0.618996 -67 -84
0.619996 -68 -66
0.620996 -68 -93
0.621996 -69 -87
0.622996 -69 -69
0.623996 -70 -84
0.624996 -70 -88
0.625996 -71 -69
0.626996 -71 -81
0.627995 -72 -83
0.628995 -72 -61
0.629995 -72 -74
0.630995 -73 -83
0.631995 -73 -67
0.632995 -74 -78
0.633995 -74 -75
0.634995 -75 -75
0.635995 -75 -79
0.636995 -75 -83
0.637995 -76 -64
0.638995 -76 -69
0.639995 -77 -79
0.640995 -77 -76
0.641995 -77 -73
0.642995 -78 -71
0.643995 -78 -64
0.644995 -79 -57
0.645995 -79 -70
0.646995 -79 -61
0.647995 -80 -59
0.648995 -80 -69
0.649995 -80 -66
0.650995 -81 -67
0.651995 -81 -51
0.652995 -81 -73
0.653995 -82 -73
0.654995 -82 -70
0.655995 -83 -76
0.656995 -83 -87
0.657995 -83 -77
0.658995 -84 -72
0.659995 -84 -83
0.660995 -84 -75
0.661995 -85 -95
0.662995 -85 -86
0.663995 -85 -93
0.664995 -86 -89
0.665995 -86 -94
0.666995 -86 -79
0.667995 -87 -86
0.668995 -87 -83
0.669995 -87 -77
0.670995 -87 -78
0.671995 -88 -89
0.672995 -88 -83
0.673995 -88 -91
0.674995 -89 -87
0.675995 -89 -89
0.676995 -89 -81
0.677995 -89 -72
0.678995 -90 -92
0.679995 -90 -89
0.680995 -90 -68
0.681995 -91 -88
0.682995 -91 -94
0.683995 -91 -97
0.684995 -91 -98
0.685995 -92 -87
0.686995 -92 -93
0.687995 -92 -102
0.688995 -92 -81
0.689995 -92 -103
0.690995 -93 -92
0.691995 -93 -90
0.692995 -93 -92
0.693995 -93 -74
0.694995 -94 -99
0.695995 -94 -94
0.696995 -94 -86
0.697995 -94 -88
0.698995 -94 -96
0.699995 -95 -101
0.700995 -95 -97
0.701995 -95 -87
0.702995 -95 -88
0.703995 -95 -87
0.704994 -96 -102
0.705994 -96 -101
0.706994 -96 -72
0.707994 -96 -105
0.708994 -96 -96
0.709994 -96 -99
0.710994 -97 -102
0.711994 -97 -100
0.712994 -97 -116
0.713994 -97 -83
0.714994 -97 -93
0.715994 -97 -107
0.716994 -97 -118
0.717994 -97 -103
0.718994 -98 -96
0.719994 -98 -101
0.720994 -98 -91
0.721994 -98 -109
0.722994 -98 -96
0.723994 -98 -107
0.724994 -98 -116
0.725994 -98 -104
0.726994 -98 -97
0.727994 -99 -97
0.728994 -99 -98
0.729994 -99 -92
0.730994 -99 -104
0.731994 -99 -99
0.732994 -99 -98
0.733994 -99 -96
0.734994 -99 -82
0.735994 -99 -98
0.736994 -99 -94
0.737994 -99 -103
0.738994 -99 -108
0.739994 -99 -104
0.740994 -99 -110
0.741994 -99 -99
0.742994 -99 -103
0.743994 -99 -85
0.744994 -99 -96
0.745994 -99 -101
0.746994 -99 -101
0.747994 -99 -100
0.748994 -99 -79
0.749994 -99 -95
0.750994 -99 -92
0.751994 -99 -105
0.752994 -99 -106
0.753994 -99 -96
0.754994 -99 -93
0.755994 -99 -87
0.756994 -99 -94
0.757994 -99 -90
0.758994 -99 -87
0.759994 -99 -95
0.760994 -99 -98
0.761994 -99 -95
0.762994 -99 -104
0.763994 -99 -96
0.764994 -99 -98
0.765994 -99 -88
0.766994 -99 -92
0.767994 -99 -101
0.768994 -99 -98
0.769994 -99 -114
0.770994 -99 -96
0.771994 -99 -109
0.772994 -98 -93
0.773994 -98 -96
0.774994 -98 -107
0.775994 -98 -102
0.776994 -98 -100
0.777994 -98 -102
0.778994 -98 -103
0.779994 -98 -84
0.780994 -98 -108
0.781994 -97 -103
0.782993 -97 -111
0.783993 -97 -106
0.784993 -97 -97
0.785993 -97 -117
0.786993 -97 -91
0.787993 -97 -117
0.788993 -97 -99
0.789993 -96 -108
0.790993 -96 -100
0.791993 -96 -100
0.792993 -96 -108
0.793993 -96 -93
0.794993 -96 -94
0.795993 -95 -82
0.796993 -95 -92
0.797993 -95 -91
0.798993 -95 -75
0.799993 -95 -91
0.800993 -94 -97
0.801993 -94 -88
0.802993 -94 -88
0.803993 -94 -67
0.804993 -94 -79
0.805993 -93 -88
0.806993 -93 -66
0.807993 -93 -81
0.808993 -93 -87
0.809993 -92 -73
0.810993 -92 -83
0.811993 -92 -88
0.812993 -92 -67
0.813993 -92 -77
0.814993 -91 -87
0.815993 -91 -62
0.816993 -91 -84
0.817993 -91 -86
0.818993 -90 -79
0.819993 -90 -77
0.820993 -90 -88
0.821993 -89 -90
0.822993 -89 -85
0.823993 -89 -70
0.824993 -89 -81
0.825993 -88 -103
0.826993 -88 -79
0.827993 -88 -85
0.828993 -87 -90
0.829993 -87 -99
0.830993 -87 -92
0.831993 -87 -85
0.832993 -86 -88
0.833993 -86 -86
0.834993 -86 -70
0.835993 -85 -87
0.836993 -85 -88
0.837993 -85 -90
0.838993 -84 -87
0.839993 -84 -93
0.840993 -84 -93
0.841993 -83 -89
0.842993 -83 -82
0.843993 -83 -95
0.844993 -82 -99
0.845993 -82 -100
0.846993 -81 -104
0.847993 -81 -83
0.848993 -81 -104
0.849993 -80 -95
0.850993 -80 -101
0.851993 -80 -111
0.852993 -79 -94
0.853993 -79 -99
0.854993 -79 -79
0.855993 -78 -99
0.856993 -78 -92
0.857993 -77 -99
0.858993 -77 -97
0.859993 -77 -76
0.860992 -76 -92
0.861992 -76 -99
0.862992 -75 -87
0.863992 -75 -83
0.864992 -75 -76
0.865992 -74 -79
0.866992 -74 -94
0.867992 -73 -75
0.868992 -73 -84
0.869992 -72 -80
0.870992 -72 -87
0.871992 -72 -78
0.872992 -71 -87
0.873992 -71 -72
0.874992 -70 -84
0.875992 -70 -100
0.876992 -69 -75
0.877992 -69 -85
0.878992 -68 -79
0.879992 -68 -74
0.880992 -67 -79
0.881992 -67 -80
0.882992 -67 -67
0.883992 -66 -82
0.884992 -66 -71
0.885992 -65 -75
0.886992 -65 -73
0.887992 -64 -73
0.888992 -64 -65
0.889992 -63 -85
0.890992 -63 -74
0.891992 -62 -68
0.892992 -62 -56
0.893992 -61 -63
0.894992 -61 -72
0.895992 -60 -55
0.896992 -60 -59
0.897992 -59 -81
0.898992 -59 -59
0.899992 -58 -56
0.900992 -58 -62
0.901992 -57 -57
0.902992 -57 -60
0.903992 -56 -45
0.904992 -56 -60
0.905992 -55 -62
0.906992 -55 -63
0.907992 -54 -49
0.908992 -54 -55
0.909992 -53 -58
0.910992 -53 -62
0.911992 -52 -61
0.912992 -51 -48
0.913992 -51 -57
0.914992 -50 -56
0.915992 -50 -51
0.916992 -49 -43
0.917992 -49 -55
0.918992 -48 -54
0.919992 -48 -50
0.920992 -47 -52
0.921992 -47 -44
0.922992 -46 -43
0.923992 -45 -46
0.924992 -45 -35
0.925992 -44 -33
0.926992 -44 -27
0.927992 -43 -37
0.928992 -43 -36
0.929992 -42 -42
0.930992 -42 -37
0.931992 -41 -38
0.932992 -40 -35
0.933992 -40 -31
0.934992 -39 -44
0.935992 -39 -37
0.936992 -38 -42
0.937991 -37 -34
0.938991 -37 -34
0.939991 -36 -28
0.940991 -36 -30
0.941991 -35 -29
0.942991 -35 -35
0.943991 -34 -36
0.944991 -33 -24
0.945991 -33 -33
0.946991 -32 -25
0.947991 -32 -30
0.948991 -31 -31
0.949991 -30 -41
0.950991 -30 -30
0.951991 -29 -32
0.952991 -29 -31
0.953991 -28 -29
0.954991 -27 -21
0.955991 -27 -20
0.956991 -26 -27
0.957991 -26 -25
0.958991 -25 -23
0.959991 -24 -25
0.960991 -24 -24
0.961991 -23 -28
0.962991 -23 -23
0.963991 -22 -25
0.964991 -21 -19
0.965991 -21 -18
0.966991 -20 -23
0.967991 -19 -20
0.968991 -19 -21
0.969991 -18 -17
0.970991 -18 -14
0.971991 -17 -15
0.972991 -16 -14
0.973991 -16 -13
0.974991 -15 -15
0.975991 -15 -14
0.976991 -14 -15
0.977991 -13 -13
0.978991 -13 -12
0.979991 -12 -12
0.980991 -11 -9
0.981991 -11 -10
0.982991 -10 -10
0.983991 -10 -12
0.984991 -9 -13
0.985991 -8 -10
0.986991 -8 -10
0.987991 -7 -9
0.988991 -6 -9
0.989991 -6 -6
0.990991 -5 -6
0.991991 -5 -6
0.992991 -4 -5
0.993991 -3 -5
0.994991 -3 -5
0.995991 -2 -4
0.996991 -1 -3
0.997991 -1 -3
0.998991 0 0
0.999991 0 0
1.000991 0 0
1.001991 1 0
1.002991 1 0
1.003991 2 0
1.004991 3 1
1.005991 3 1
1.006991 4 1
1.007991 5 6
1.008991 5 6
1.009991 6 5
1.010991 6 4
1.011991 7 4
1.012991 8 4
1.013991 8 4
1.014991 9 4
1.015991 10 3
1.016991 10 2
1.017992 11 0
1.018992 11 0
1.019992 12 0
1.020992 13 0
1.021992 13 0
1.022992 14 0
1.023992 15 0
1.024992 15 0
1.025992 16 0
1.026992 16 0
1.027992 17 0
1.028992 18 0
1.029992 18 0
1.030992 19 0
1.031992 19 0
1.032992 20 0
1.033992 21 0
1.034992 21 0
1.035992 22 0
1.036992 23 0
1.037992 23 0
1.038993 24 0
1.039993 24 0
1.040993 25 0
1.041993 26 0
1.042993 26 0
1.043993 27 0
1.044993 27 0
1.045993 28 0
1.046993 29 0
1.047993 29 0
1.048993 30 0
1.049993 30 0
1.050993 31 0
1.051993 32 0
1.052993 32 0
1.053993 33 0
1.054993 33 0
1.055993 34 0
1.056993 35 0
1.057993 35 0
1.058993 36 7
1.059994 36 8
1.060994 37 8
1.061994 37 11
1.062994 38 11
1.063994 39 16
1.064994 39 16
1.065994 40 15
1.066994 40 16
1.067994 41 19
1.068994 42 15
1.069994 42 17
1.070994 43 18
1.071994 43 15
1.072994 44 15
1.073994 44 19
1.074994 45 19
1.075994 45 19
1.076994 46 30
1.077994 47 32
1.078994 47 24
1.079994 48 26
1.080994 48 32
1.081995 49 32
1.082995 49 29
1.083995 50 28
1.084995 50 39
1.085995 51 42
1.086995 51 44
1.087995 52 52
1.088995 53 41
1.089995 53 60
1.090995 54 68
1.091995 54 59
1.092995 55 50
1.093995 55 52
1.094995 56 57
1.095995 56 67
1.096995 57 60
1.097995 57 57
1.098995 58 68
1.099995 58 64
1.100995 59 70
1.101995 59 59
1.102996 60 64
1.103996 60 64
1.104996 61 51
1.105996 61 60
1.106996 62 58
1.107996 62 55
1.108996 63 78
1.109996 63 48
1.110996 64 64
1.111996 64 57
1.112996 65 58
1.113996 65 66
1.114996 66 65
1.115996 66 62
1.116996 67 63
1.117996 67 72
1.118996 67 66
1.119996 68 65
1.120996 68 61
1.121996 69 64
1.122996 69 73
1.123996 70 60
1.124997 70 72
1.125997 71 78
1.126997 71 77
1.127997 72 75
1.128997 72 80
1.129997 72 72
1.130997 73 59
1.131997 73 77
1.132997 74 86
1.133997 74 75
1.134997 75 77
1.135997 75 71
1.136997 75 62
1.137997 76 68
1.138997 76 71
1.139997 77 62
1.140997 77 75
1.141997 77 77
1.142997 78 75
1.143997 78 89
1.144997 79 76
1.145998 79 69
1.146998 79 84
1.147998 80 79
1.148998 80 74
1.149998 80 87
1.150998 81 77
1.151998 81 73
1.152998 81 82
1.153998 82 92
1.154998 82 81
1.155998 83 82
1.156998 83 83
1.157998 83 83
1.158998 84 87
1.159998 84 75
1.160998 84 89
1.161998 85 82
1.162998 85 93
1.163998 85 86
1.164998 86 84
1.165998 86 68
1.166999 86 86
1.167999 87 89
1.168999 87 61
1.169999 87 75
1.170999 87 89
1.171999 88 83
1.172999 88 89
1.173999 88 94
1.174999 89 85
1.175999 89 94
1.176999 89 82
1.177999 89 95
1.178999 90 99
1.179999 90 79
1.180999 90 86
1.181999 91 91
1.182999 91 79
1.183999 91 87
1.184999 91 112
1.185999 92 94
1.186999 92 85
1.187999 92 85
1.189000 92 91
1.190000 92 90
1.191000 93 85
1.192000 93 96
1.193000 93 82
1.194000 93 97
1.195000 94 97
1.196000 94 87
1.197000 94 94
1.198000 94 75
1.199000 94 100
1.200000 95 95
1.201000 95 86
1.202000 95 91
1.203000 95 92
1.204000 95 92
1.205000 96 102
1.206000 96 100
1.207000 96 97
1.208000 96 74
1.209000 96 102
1.210001 96 101
1.211001 97 106
1.212001 97 100
1.213001 97 86
1.214001 97 101
1.215001 97 100
1.216001 97 112
1.217001 97 106
1.218001 97 111
1.219001 98 108
1.220001 98 112
1.221001 98 108
1.222001 98 99
1.223001 98 114
1.224001 98 98
1.225001 98 112
1.226001 98 89
1.227001 98 110
1.228001 99 107
1.229001 99 103
1.230001 99 110
1.231001 99 80
1.232002 99 110
1.233002 99 90
1.234002 99 99
1.235002 99 107
1.236002 99 117
1.237002 99 99
1.238002 99 100
1.239002 99 110
1.240002 99 85
1.241002 99 101
1.242002 99 99
1.243002 99 101
1.244002 99 91
1.245002 99 86
1.246002 99 101
1.247002 99 90
1.248002 99 104
1.249002 99 96
1.250002 99 112
1.251002 99 106
1.252002 99 87
1.253003 99 104
1.254003 99 89
1.255003 99 99
1.256003 99 99
1.257003 99 95
1.258003 99 103
1.259003 99 93
1.260003 99 102
1.261003 99 96
1.262003 99 105
1.263003 99 100
1.264003 99 88
1.265003 99 96
1.266003 99 110
1.267003 99 104
1.268003 99 99
1.269003 99 80
1.270003 99 104
1.271003 99 98
1.272003 99 96
1.273003 98 90
1.274004 98 96
1.275004 98 100
1.276004 98 91
1.277004 98 104
1.278004 98 107
1.279004 98 91
1.280004 98 90
1.281004 98 89
1.282004 97 101
1.283004 97 97
1.284004 97 94
1.285004 97 97
1.286004 97 86
1.287004 97 96
1.288004 97 108
1.289004 97 99
1.290004 96 107
1.291004 96 81
1.292004 96 103
1.293004 96 101
1.294004 96 106
1.295004 96 97
1.296005 95 85
1.297005 95 104
1.298005 95 91
1.299005 95 102
1.300005 95 107
1.301005 94 88
1.302005 94 96
1.303005 94 96
1.304005 94 99
1.305005 94 105
1.306005 93 99
1.307005 93 99
1.308005 93 96
1.309005 93 101
1.310005 92 90
1.311005 92 113
1.312005 92 104
1.313005 92 105
1.314005 92 112
1.315005 91 85
1.316005 91 100
1.317006 91 85
1.318006 91 94
1.319006 90 99
1.320006 90 91
1.321006 90 95
1.322006 89 80
1.323006 89 112
1.324006 89 81
1.325006 89 87
1.326006 88 105
1.327006 88 85
1.328006 88 93
1.329006 87 99
1.330006 87 105
1.331006 87 105
1.332006 87 85
1.333006 86 107
1.334006 86 112
1.335006 86 90
1.336006 85 89
1.337006 85 71
1.338006 85 94
1.339007 84 88
1.340007 84 91
1.341007 84 84
1.342007 83 76
1.343007 83 82
1.344007 83 98
1.345007 82 85
1.346007 82 99
1.347007 81 89
1.348007 81 83
1.349007 81 91
1.350007 80 88
1.351007 80 81
1.352007 80 84
1.353007 79 75
1.354007 79 81
1.355007 79 85
1.356007 78 56
1.357007 78 79
1.358007 77 77
1.359007 77 66
1.360008 77 74
1.361008 76 78
1.362008 76 57
1.363008 75 70
1.364008 75 74
1.365008 75 77
1.366008 74 82
1.367008 74 71
1.368008 73 70
1.369008 73 55
1.370008 72 72
1.371008 72 65
1.372008 72 58
1.373008 71 79
1.374008 71 65
1.375008 70 63
1.376008 70 62
1.377008 69 72
1.378008 69 69
1.379008 68 66
1.380008 68 59
1.381009 67 68
1.382009 67 64
1.383009 67 71
1.384009 66 71
1.385009 66 80
1.386009 65 61
1.387009 65 68
1.388009 64 70
1.389009 64 69
1.390009 63 60
1.391009 63 68
1.392009 62 65
1.393009 62 54
1.394009 61 62
1.395009 61 63
1.396009 60 65
1.397009 60 38
1.398009 59 52
1.399009 59 60
1.400009 58 54
1.401009 58 56
1.402009 57 52
1.403010 57 47
1.404010 56 57
1.405010 56 48
1.406010 55 38
1.407010 55 54
1.408010 54 47
1.409010 54 40
1.410010 53 43
1.411010 53 40
1.412010 52 35
1.413010 51 46
1.414010 51 42
1.415010 50 39
1.416010 50 38
1.417010 49 41
1.418010 49 48
1.419010 48 44
1.420010 48 47
1.421010 47 38
1.422010 47 40
1.423010 46 37
1.424011 45 48
1.425011 45 50
1.426011 44 47
1.427011 44 41
1.428011 43 40
1.429011 43 47
1.430011 42 56
1.431011 42 49
1.432011 41 44
1.433011 40 42
1.434011 40 39
1.435011 39 50
1.436011 39 48
1.437011 38 46
1.438011 37 40
1.439011 37 35
1.440011 36 47
1.441011 36 46
1.442011 35 44
1.443011 35 34
1.444011 34 41
1.445011 33 33
1.446012 33 40
1.447012 32 44
1.448012 32 55
1.449012 31 43
1.450012 30 30
1.451012 30 43
1.452012 29 47
1.453012 29 44
1.454012 28 41
1.455012 27 47
1.456012 27 33
1.457012 26 33
1.458012 26 40
1.459012 25 43
1.460012 24 33
1.461012 24 34
1.462012 23 29
1.463012 23 21
1.464012 22 24
1.465012 21 24
1.466012 21 25
1.467013 20 16
1.468013 19 17
1.469013 19 17
1.470013 18 21
1.471013 18 12
1.472013 17 11
1.473013 16 14
1.474013 16 12
1.475013 15 13
1.476013 15 9
1.477013 14 8
1.478013 13 8
1.479013 13 6
1.480013 12 0
1.481013 11 3
1.482013 11 3
1.483013 10 3
1.484013 10 3
1.485013 9 3
1.486013 8 3
1.487013 8 2
1.488014 7 2
1.489014 6 2
1.490014 6 2
1.491014 5 2
1.492014 5 2
1.493014 4 2
1.494014 3 3
1.495014 3 3
1.496014 2 7
1.497014 1 8
1.498014 1 8
1.499014 0 9
1.500014 0 9
1.501014 0 8
1.502014 -1 8
1.503014 -1 6
1.504014 -2 4
1.505014 -3 0
1.506014 -3 0
1.507014 -4 0
1.508014 -5 0
1.509014 -5 0
1.510015 -6 0
1.511015 -6 0
1.512015 -7 0
1.513015 -8 0
1.514015 -8 0
1.515015 -9 0
1.516015 -10 0
1.517015 -10 0
1.518015 -11 0
1.519015 -11 0
1.520015 -12 0
1.521015 -13 0
1.522015 -13 0
1.523015 -14 0
1.524015 -15 0
1.525015 -15 0
1.526015 -16 0
1.527015 -16 0
1.528015 -17 0
1.529015 -18 1
1.530015 -18 1
1.531016 -19 1
1.532016 -19 1
1.533016 -20 1
1.534016 -21 1
1.535016 -21 1
1.536016 -22 1
1.537016 -23 1
1.538016 -23 -2
1.539016 -24 -2
1.540016 -24 -8
1.541016 -25 -8
1.542016 -26 -5
1.543016 -26 0
1.544016 -27 -4
1.545016 -27 -4
1.546016 -28 -4
1.547016 -29 -4
1.548016 -29 -3
1.549016 -30 -2
1.550016 -30 -2
1.551016 -31 0
1.552016 -32 0
1.553017 -32 0
1.554017 -33 0
1.555017 -33 0
1.556017 -34 0
1.557017 -35 0
1.558017 -35 0
1.559017 -36 0
1.560017 -36 0
1.561017 -37 0
1.562017 -37 0
1.563017 -38 0
1.564017 -39 0
1.565017 -39 0
1.566017 -40 0
1.567017 -40 0
1.568017 -41 0
1.569017 -42 0
1.570017 -42 0
1.571017 -43 0
1.572017 -43 0
1.573017 -44 0
1.574018 -44 0
1.575018 -45 0
1.576018 -45 0
1.577018 -46 0
1.578018 -47 0
1.579018 -47 0
1.580018 -48 0
1.581018 -48 -8
1.582018 -49 -10
1.583018 -49 -15
1.584018 -50 -20
1.585018 -50 -22
1.586018 -51 -21
1.587018 -51 -27
1.588018 -52 -27
1.589018 -53 -30
1.590018 -53 -29
1.591018 -54 -29
1.592018 -54 -25
1.593018 -55 -34
1.594018 -55 -32
1.595019 -56 -39
1.596019 -56 -36
1.597019 -57 -41
1.598019 -57 -38
1.599019 -58 -47
1.600019 -58 -51
1.601019 -59 -54
1.602019 -59 -57
1.603019 -60 -59
1.604019 -60 -63
1.605019 -61 -60
1.606019 -61 -61
1.607019 -62 -70
1.608019 -62 -68
1.609019 -63 -71
1.610019 -63 -73
1.611019 -64 -75
1.612019 -64 -74
1.613019 -65 -72
1.614019 -65 -73
1.615019 -66 -80
1.616019 -66 -78
1.617020 -67 -87
1.618020 -67 -77
1.619020 -68 -82
1.620020 -68 -79
1.621020 -68 -86
1.622020 -69 -96
1.623020 -69 -90
1.624020 -70 -98
1.625020 -70 -81
1.626020 -71 -89
1.627020 -71 -87
1.628020 -72 -90
1.629020 -72 -88
1.630020 -72 -78
1.631020 -73 -90
1.632020 -73 -93
1.633020 -74 -68
1.634020 -74 -88
1.635020 -75 -94
1.636020 -75 -76
1.637020 -75 -83
1.638021 -76 -91
1.639021 -76 -70
1.640021 -77 -85
1.641021 -77 -75
1.642021 -77 -83
1.643021 -78 -91
1.644021 -78 -73
1.645021 -79 -87
1.646021 -79 -97
1.647021 -79 -81
1.648021 -80 -82
1.649021 -80 -87
1.650021 -80 -87
1.651021 -81 -81
1.652021 -81 -82
1.653021 -82 -88
1.654021 -82 -99
1.655021 -82 -83
1.656021 -83 -94
1.657021 -83 -102
1.658021 -83 -97
1.659021 -84 -94
1.660022 -84 -82
1.661022 -84 -100
1.662022 -85 -99
1.663022 -85 -102
1.664022 -85 -103
1.665022 -86 -91
1.666022 -86 -87
1.667022 -86 -82
1.668022 -87 -91
1.669022 -87 -96
1.670022 -87 -70
1.671022 -87 -95
1.672022 -88 -83
1.673022 -88 -81
1.674022 -88 -96
1.675022 -89 -72
1.676022 -89 -75
1.677022 -89 -79
1.678022 -89 -77
1.679022 -90 -87
1.680022 -90 -74
1.681023 -90 -73
1.682023 -91 -83
1.683023 -91 -80
1.684023 -91 -91
1.685023 -91 -93
1.686023 -92 -82
1.687023 -92 -70
1.688023 -92 -89
1.689023 -92 -80
1.690023 -92 -66
1.691023 -93 -94
1.692023 -93 -85
1.693023 -93 -90
1.694023 -93 -94
1.695023 -94 -84
1.696023 -94 -96
1.697023 -94 -87
1.698023 -94 -81
1.699023 -94 -92
1.700023 -95 -90
1.701023 -95 -97
1.702024 -95 -99
1.703024 -95 -87
1.704024 -95 -103
1.705024 -96 -97
1.706024 -96 -112
1.707024 -96 -111
1.708024 -96 -115
1.709024 -96 -102
1.710024 -96 -101
1.711024 -97 -119
1.712024 -97 -103
1.713024 -97 -94
1.714024 -97 -106
1.715024 -97 -104
1.716024 -97 -112
1.717024 -97 -109
1.718024 -97 -113
1.719024 -98 -111
1.720024 -98 -110
1.721024 -98 -100
1.722024 -98 -110
1.723024 -98 -97
1.724025 -98 -106
1.725025 -98 -106
1.726025 -98 -115
1.727025 -98 -105
1.728025 -99 -97
1.729025 -99 -104
1.730025 -99 -94
1.731025 -99 -98
1.732025 -99 -102
1.733025 -99 -102
1.734025 -99 -105
1.735025 -99 -99
1.736025 -99 -106
1.737025 -99 -108
1.738025 -99 -107
1.739025 -99 -87
1.740025 -99 -111
1.741025 -99 -102
1.742025 -99 -99
1.743025 -99 -93
1.744025 -99 -84
1.745026 -99 -100
1.746026 -99 -96
1.747026 -99 -91
1.748026 -99 -86
1.749026 -99 -75
1.750026 -99 -90
1.751026 -99 -93
1.752026 -99 -78
1.753026 -99 -91
1.754026 -99 -96
1.755026 -99 -95
1.756026 -99 -96
1.757026 -99 -84
1.758026 -99 -84
1.759026 -99 -100
1.760026 -99 -100
1.761026 -99 -93
1.762026 -99 -81
1.763026 -99 -98
1.764026 -99 -97
1.765026 -99 -95
1.766026 -99 -93
1.767027 -99 -87
1.768027 -99 -100
1.769027 -99 -96
1.770027 -99 -97
1.771027 -99 -105
1.772027 -99 -94
1.773027 -98 -107
1.774027 -98 -100
1.775027 -98 -109
1.776027 -98 -109
1.777027 -98 -104
1.778027 -98 -103
1.779027 -98 -103
1.780027 -98 -111
1.781027 -98 -94
1.782027 -97 -103
1.783027 -97 -78
1.784027 -97 -106
1.785027 -97 -101
1.786027 -97 -90
1.787027 -97 -95
1.788028 -97 -101
1.789028 -97 -94
1.790028 -96 -90
1.791028 -96 -82
1.792028 -96 -89
1.793028 -96 -97
1.794028 -96 -90
1.795028 -96 -95
1.796028 -95 -78
1.797028 -95 -92
1.798028 -95 -96
1.799028 -95 -95
1.800028 -95 -100
1.801028 -94 -83
1.802028 -94 -98
1.803028 -94 -100
1.804028 -94 -89
1.805028 -94 -89
1.806028 -93 -88
1.807028 -93 -85
1.808028 -93 -97
1.809029 -93 -93
1.810029 -92 -94
1.811029 -92 -79
1.812029 -92 -89
1.813029 -92 -96
1.814029 -92 -80
1.815029 -91 -90
1.816029 -91 -102
1.817029 -91 -101
1.818029 -91 -88
1.819029 -90 -90
1.820029 -90 -104
1.821029 -90 -83
1.822029 -89 -101
1.823029 -89 -91
1.824029 -89 -78
1.825029 -89 -91
1.826029 -88 -90
1.827029 -88 -96
1.828029 -88 -86
1.829029 -87 -66
1.830029 -87 -83
1.831030 -87 -81
1.832030 -87 -72
1.833030 -86 -81
1.834030 -86 -78
1.835030 -86 -73
1.836030 -85 -84
1.837030 -85 -84
1.838030 -85 -60
1.839030 -84 -79
1.840030 -84 -75
1.841030 -84 -71
1.842030 -83 -85
1.843030 -83 -79
1.844030 -83 -63
1.845030 -82 -80
1.846030 -82 -74
1.847030 -81 -67
1.848030 -81 -80
1.849030 -81 -84
1.850030 -80 -68
1.851030 -80 -74
1.852031 -80 -77
1.853031 -79 -61
1.854031 -79 -74
1.855031 -79 -81
1.856031 -78 -87
1.857031 -78 -74
1.858031 -77 -74
1.859031 -77 -66
1.860031 -77 -72
1.861031 -76 -72
1.862031 -76 -75
1.863031 -75 -72
1.864031 -75 -84
1.865031 -74 -82
1.866031 -74 -81
1.867031 -74 -81
1.868031 -73 -82
1.869031 -73 -96
1.870031 -72 -82
1.871031 -72 -73
1.872031 -72 -83
1.873031 -71 -81
1.874032 -71 -82
1.875032 -70 -77
1.876032 -70 -90
1.877032 -69 -67
1.878032 -69 -73
1.879032 -68 -77
1.880032 -68 -58
1.881032 -67 -81
1.882032 -67 -75
1.883032 -67 -70
1.884032 -66 -84
1.885032 -66 -69
1.886032 -65 -66
1.887032 -65 -72
1.888032 -64 -66
1.889032 -64 -60
1.890032 -63 -51
1.891032 -63 -65
1.892032 -62 -63
1.893032 -62 -70
1.894032 -61 -58
1.895033 -61 -63
1.896033 -60 -61
1.897033 -60 -73
1.898033 -59 -61
1.899033 -59 -53
1.900033 -58 -61
1.901033 -58 -57
1.902033 -57 -58
1.903033 -57 -54
1.904033 -56 -62
1.905033 -56 -72
1.906033 -55 -48
1.907033 -55 -53
1.908033 -54 -54
1.909033 -54 -52
1.910033 -53 -50
1.911033 -53 -64
1.912033 -52 -53
1.913033 -51 -56
1.914033 -51 -68
1.915033 -50 -64
1.916034 -50 -64
1.917034 -49 -55
1.918034 -49 -54
1.919034 -48 -41
1.920034 -48 -54
1.921034 -47 -53
1.922034 -47 -56
1.923034 -46 -47
1.924034 -45 -39
1.925034 -45 -52
1.926034 -44 -48
1.927034 -44 -48
1.928034 -43 -47
1.929034 -43 -53
1.930034 -42 -55
1.931034 -41 -48
1.932034 -41 -55
1.933034 -40 -39
1.934034 -40 -60
1.935034 -39 -60
1.936034 -39 -59
1.937034 -38 -45
1.938035 -37 -60
1.939035 -37 -66
1.940035 -36 -64
1.941035 -36 -50
1.942035 -35 -59
1.943035 -35 -63
1.944035 -34 -56
1.945035 -33 -53
1.946035 -33 -48
1.947035 -32 -53
1.948035 -32 -54
1.949035 -31 -56
1.950035 -30 -42
1.951035 -30 -46
1.952035 -29 -41
1.953035 -29 -40
1.954035 -28 -43
1.955035 -27 -34
1.956035 -27 -28
1.957035 -26 -38
1.958035 -26 -38
1.959036 -25 -35
1.960036 -24 -31
1.961036 -24 -30
1.962036 -23 -28
1.963036 -23 -29
1.964036 -22 -35
1.965036 -21 -25
1.966036 -21 -26
1.967036 -20 -22
1.968036 -19 -22
1.969036 -19 -24
1.970036 -18 -17
1.971036 -18 -17
1.972036 -17 -13
1.973036 -16 -10
1.974036 -16 -9
1.975036 -15 -5
1.976036 -15 -4
1.977036 -14 -4
1.978036 -13 -4
1.979036 -13 -4
1.980036 -12 -4
1.981037 -11 -3
1.982037 -11 -2
1.983037 -10 0
1.984037 -10 0
1.985037 -9 2
1.986037 -8 2
1.987037 -8 6
1.988037 -7 6
1.989037 -6 6
1.990037 -6 5
1.991037 -5 3
1.992037 -5 3
1.993037 -4 3
1.994037 -3 3
1.995037 -3 3
1.996037 -2 3
1.997037 -1 3
1.998037 -1 2
1.999037 0 2
2.000037 0 2
2.001037 0 0
2.002037 1 0
2.003037 1 0
2.004037 2 0
2.005037 3 0
2.006037 3 0
2.007037 4 0
2.008037 5 0
2.009037 5 0
2.010037 6 0
2.011037 6 0
2.012037 7 0
2.013036 8 0
2.014036 8 0
2.015036 9 0
2.016036 10 0
2.017036 10 0
2.018036 11 0
2.019036 11 0
2.020036 12 0
2.021036 13 0
2.022036 13 0
2.023036 14 0
2.024036 15 0
2.025036 15 0
2.026036 16 0
2.027035 16 0
2.028035 17 0
2.029035 18 0
2.030035 18 0
2.031035 19 0
2.032035 19 0
2.033035 20 0
2.034035 21 0
2.035035 21 0
2.036035 22 0
2.037035 23 0
2.038035 23 0
2.039035 24 0
2.040035 24 0
2.041034 25 0
2.042034 26 0
2.043034 26 0
2.044034 27 0
2.045034 27 0
2.046034 28 0
2.047034 29 0
2.048034 29 0
2.049034 30 0
2.050034 30 0
2.051034 31 2
2.052034 32 2
2.053034 32 2
2.054034 33 2
2.055033 33 4
2.056033 34 4
2.057033 35 8
2.058033 35 11
2.059033 36 12
2.060033 36 12
2.061033 37 9
2.062033 37 9
2.063033 38 7
2.064033 39 7
2.065033 39 8
2.066033 40 8
2.067033 40 8
2.068033 41 9
2.069032 42 11
2.070032 42 11
2.071032 43 13
2.072032 43 15
2.073032 44 18
2.074032 44 22
2.075032 45 24
2.076032 45 27
2.077032 46 34
2.078032 47 28
2.079032 47 32
2.080032 48 27
2.081032 48 37
2.082031 49 42
2.083031 49 44
2.084031 50 40
2.085031 50 40
2.086031 51 55
2.087031 51 57
2.088031 52 60
2.089031 53 59
2.090031 53 43
2.091031 54 59
2.092031 54 60
2.093031 55 63
2.094031 55 49
2.095031 56 68
2.096030 56 64
2.097030 57 56
2.098030 57 75
2.099030 58 69
2.100030 58 74
2.101030 59 67
2.102030 59 78
2.103030 60 71
2.104030 60 77
2.105030 61 77
2.106030 61 71
2.107030 62 70
2.108030 62 52
2.109030 63 76
2.110029 63 71
2.111029 64 55
2.112029 64 74
2.113029 65 72
2.114029 65 70
2.115029 66 71
2.116029 66 72
2.117029 67 71
2.118029 67 52
2.119029 68 67
2.120029 68 65
2.121029 68 53
2.122029 69 55
2.123029 69 57
2.124028 70 58
2.125028 70 54
2.126028 71 62
2.127028 71 59
2.128028 72 72
2.129028 72 55
2.130028 72 69
2.131028 73 60
2.132028 73 59
2.133028 74 48
2.134028 74 60
2.135028 75 52
2.136028 75 57
2.137028 75 48
2.138027 76 59
2.139027 76 59
2.140027 77 61
2.141027 77 51
2.142027 77 63
2.143027 78 65
2.144027 78 68
2.145027 79 73
2.146027 79 72
2.147027 79 69
2.148027 80 60
2.149027 80 74
2.150027 80 70
2.151026 81 76
2.152026 81 76
2.153026 82 85
2.154026 82 78
2.155026 82 80
2.156026 83 79
2.157026 83 72
2.158026 83 84
2.159026 84 90
2.160026 84 72
2.161026 84 85
2.162026 85 83
2.163026 85 76
2.164026 85 85
2.165025 86 92
2.166025 86 87
2.167025 86 84
2.168025 87 89
2.169025 87 86
2.170025 87 81
2.171025 87 76
2.172025 88 85
2.173025 88 87
2.174025 88 69
2.175025 89 87
2.176025 89 85
2.177025 89 81
2.178025 89 94
2.179024 90 84
2.180024 90 85
2.181024 90 96
2.182024 91 74
2.183024 91 95
2.184024 91 103
2.185024 91 92
2.186024 92 99
2.187024 92 81
2.188024 92 103
2.189024 92 98
2.190024 92 97
2.191024 93 93
2.192024 93 90
2.193023 93 89
2.194023 93 91
2.195023 94 73
2.196023 94 93
2.197023 94 90
2.198023 94 85
2.199023 94 87
2.200023 95 92
2.201023 95 97
2.202023 95 85
2.203023 95 80
2.204023 95 92
2.205023 96 92
2.206023 96 88
2.207022 96 101
2.208022 96 94
2.209022 96 90
2.210022 96 92
2.211022 97 71
2.212022 97 79
2.213022 97 91
2.214022 97 76
2.215022 97 88
2.216022 97 94
2.217022 97 90
2.218022 97 100
2.219022 98 83
2.220021 98 97
2.221021 98 88
2.222021 98 94
2.223021 98 90
2.224021 98 91
2.225021 98 87
2.226021 98 104
2.227021 98 102
2.228021 99 103
2.229021 99 85
2.230021 99 104
2.231021 99 91
2.232021 99 98
2.233021 99 97
2.234020 99 88
2.235020 99 86
2.236020 99 95
2.237020 99 105
2.238020 99 97
2.239020 99 99
2.240020 99 104
2.241020 99 87
2.242020 99 108
2.243020 99 103
2.244020 99 109
2.245020 99 105
2.246020 99 109
2.247020 99 104
2.248019 99 101
2.249019 99 108
2.250019 99 93
2.251019 99 102
2.252019 99 112
2.253019 99 115
2.254019 99 102
2.255019 99 108
2.256019 99 107
2.257019 99 100
2.258019 99 102
2.259019 99 84
2.260019 99 112
2.261019 99 94
2.262018 99 105
2.263018 99 113
2.264018 99 92
2.265018 99 104
2.266018 99 92
2.267018 99 111
2.268018 99 102
2.269018 99 109
2.270018 99 93
2.271018 99 84
2.272018 99 90
2.273018 98 97
2.274018 98 98
2.275017 98 96
2.276017 98 86
2.277017 98 95
2.278017 98 94
2.279017 98 99
2.280017 98 93
2.281017 98 85
2.282017 97 90
2.283017 97 90
2.284017 97 86
2.285017 97 94
2.286017 97 84
2.287017 97 90
2.288017 97 99
2.289016 97 88
2.290016 96 85
2.291016 96 94
2.292016 96 99
2.293016 96 98
2.294016 96 85
2.295016 96 89
2.296016 95 92
2.297016 95 96
2.298016 95 103
2.299016 95 105
2.300016 95 97
2.301016 94 86
2.302016 94 95
2.303015 94 99
2.304015 94 95
2.305015 94 102
2.306015 93 85
2.307015 93 101
2.308015 93 97
2.309015 93 91
2.310015 92 85
2.311015 92 75
2.312015 92 85
2.313015 92 98
2.314015 92 85
2.315015 91 99
2.316015 91 93
2.317014 91 109
2.318014 91 94
2.319014 90 103
2.320014 90 93
2.321014 90 89
2.322014 89 95
2.323014 89 107
2.324014 89 104
2.325014 89 96
2.326014 88 92
2.327014 88 90
2.328014 88 103
2.329014 87 97
2.330014 87 97
2.331013 87 103
2.332013 87 102
2.333013 86 88
2.334013 86 103
2.335013 86 100
2.336013 85 83
2.337013 85 92
2.338013 85 101
2.339013 84 102
2.340013 84 87
2.341013 84 90
2.342013 83 91
2.343013 83 86
2.344012 83 98
2.345012 82 123
2.346012 82 94
2.347012 81 99
2.348012 81 102
2.349012 81 96
2.350012 80 93
2.351012 80 82
2.352012 80 85
2.353012 79 85
2.354012 79 94
2.355012 79 98
2.356012 78 77
2.357012 78 90
2.358011 77 99
2.359011 77 90
2.360011 77 95
2.361011 76 97
2.362011 76 88
2.363011 75 81
2.364011 75 87
2.365011 75 90
2.366011 74 89
2.367011 74 79
2.368011 73 89
2.369011 73 89
2.370011 72 74
2.371011 72 80
2.372010 72 83
2.373010 71 83
2.374010 71 89
2.375010 70 73
2.376010 70 103
2.377010 69 75
2.378010 69 82
2.379010 68 77
2.380010 68 80
2.381010 67 66
2.382010 67 84
2.383010 67 83
2.384010 66 67
2.385010 66 77
2.386009 65 78
2.387009 65 64
2.388009 64 76
2.389009 64 72
2.390009 63 74
2.391009 63 75
2.392009 62 71
2.393009 62 60
2.394009 61 62
2.395009 61 61
2.396009 60 64
2.397009 60 64
2.398009 59 42
2.399009 59 60
2.400008 58 58
2.401008 58 62
2.402008 57 47
2.403008 57 62
2.404008 56 53
2.405008 56 56
2.406008 55 47
2.407008 55 64
2.408008 54 61
2.409008 54 54
2.410008 53 47
2.411008 53 55
2.412008 52 54
2.413007 51 52
2.414007 51 62
2.415007 50 42
2.416007 50 49
2.417007 49 52
2.418007 49 54
2.419007 48 47
2.420007 48 42
2.421007 47 49
2.422007 47 39
2.423007 46 49
2.424007 45 48
2.425007 45 46
2.426007 44 48
2.427006 44 50
2.428006 43 49
2.429006 43 40
2.430006 42 48
2.431006 42 55
2.432006 41 57
2.433006 40 59
2.434006 40 51
2.435006 39 54
2.436006 39 56
2.437006 38 49
2.438006 37 43
2.439006 37 50
2.440006 36 54
2.441005 36 53
2.442005 35 46
2.443005 35 43
2.444005 34 44
2.445005 33 40
2.446005 33 40
2.447005 32 43
2.448005 32 36
2.449005 31 31
2.450005 30 33
2.451005 30 33
2.452005 29 30
2.453005 29 31
2.454005 28 29
2.455004 27 31
2.456004 27 30
2.457004 26 23
2.458004 26 24
2.459004 25 20
2.460004 24 26
2.461004 24 17
2.462004 23 19
2.463004 23 14
2.464004 22 10
2.465004 21 9
2.466004 21 8
2.467004 20 8
2.468004 19 6
2.469003 19 6
2.470003 18 6
2.471003 18 7
2.472003 17 7
2.473003 16 6
2.474003 16 6
2.475003 15 7
2.476003 15 7
2.477003 14 5
2.478003 13 5
2.479003 13 5
2.480003 12 5
2.481003 11 4
2.482002 11 4
2.483002 10 4
2.484002 10 5
2.485002 9 5
2.486002 8 8
2.487002 8 10
2.488002 7 10
2.489002 6 7
2.490002 6 6
2.491002 5 6
2.492002 5 5
2.493002 4 4
2.494002 3 4
2.495002 3 4
2.496001 2 4
2.497001 1 4
2.498001 1 4
2.499001 0 8
2.500001 0 8
2.501001 0 10
2.502001 -1 10
2.503001 -1 17
2.504001 -2 12
2.505001 -3 14
2.506001 -3 16
2.507001 -4 16
2.508001 -5 18
2.509001 -5 19
2.510000 -6 22
2.511000 -6 24
2.512000 -7 27
2.513000 -8 20
2.514000 -8 26
2.515000 -9 22
2.516000 -10 21
2.517000 -10 21
2.518000 -11 20
2.519000 -11 18
2.520000 -12 16
2.521000 -13 16
2.522000 -13 18
2.523000 -14 12
2.523999 -15 11
2.524999 -15 13
2.525999 -16 9
2.526999 -16 9
2.527999 -17 7
2.528999 -18 5
2.529999 -18 5
2.530999 -19 5
2.531999 -19 5
2.532999 -20 3
2.533999 -21 -3
2.534999 -21 -3
2.535999 -22 -3
2.536999 -23 -6
2.537998 -23 -6
2.538998 -24 -5
2.539998 -24 -5
2.540998 -25 -5
2.541998 -26 -5
2.542998 -26 -4
2.543998 -27 -3
2.544998 -27 0
2.545998 -28 0
2.546998 -29 0
2.547998 -29 0
2.548998 -30 0
2.549998 -30 0
2.550997 -31 0
2.551997 -32 0
2.552997 -32 0
2.553997 -33 0
2.554997 -33 0
2.555997 -34 0
2.556997 -35 0
2.557997 -35 0
2.558997 -36 0
2.559997 -36 0
2.560997 -37 -1
2.561997 -37 -12
2.562997 -38 -12
2.563997 -39 -13
2.564996 -39 -19
2.565996 -40 -22
2.566996 -40 -20
2.567996 -41 -23
2.568996 -42 -19
2.569996 -42 -20
2.570996 -43 -19
2.571996 -43 -23
2.572996 -44 -19
2.573996 -44 -20
2.574996 -45 -19
2.575996 -45 -32
2.576996 -46 -33
2.577996 -47 -34
2.578995 -47 -36
2.579995 -48 -34
2.580995 -48 -39
2.581995 -49 -34
2.582995 -49 -42
2.583995 -50 -47
2.584995 -50 -43
2.585995 -51 -46
2.586995 -51 -36
2.587995 -52 -46
2.588995 -53 -48
2.589995 -53 -47
2.590995 -54 -52
2.591995 -54 -45
2.592994 -55 -45
2.593994 -55 -52
2.594994 -56 -59
2.595994 -56 -58
2.596994 -57 -60
2.597994 -57 -56
2.598994 -58 -66
2.599994 -58 -65
2.600994 -59 -67
2.601994 -59 -68
2.602994 -60 -67
2.603994 -60 -63
2.604994 -61 -62
2.605994 -61 -70
2.606993 -62 -57
2.607993 -62 -75
2.608993 -63 -69
2.609993 -63 -64
2.610993 -64 -72
2.611993 -64 -82
2.612993 -65 -73
2.613993 -65 -85
2.614993 -66 -84
2.615993 -66 -72
2.616993 -67 -89
2.617993 -67 -94
2.618993 -67 -72
2.619992 -68 -89
2.620992 -68 -100
2.621992 -69 -94
2.622992 -69 -84
2.623992 -70 -83
2.624992 -70 -87
2.625992 -71 -72
2.626992 -71 -63
2.627992 -72 -82
2.628992 -72 -86
2.629992 -72 -65
2.630992 -73 -88
2.631992 -73 -81
2.632992 -74 -73
2.633991 -74 -75
2.634991 -75 -80
2.635991 -75 -69
2.636991 -75 -78
2.637991 -76 -77
2.638991 -76 -81
2.639991 -77 -84
2.640991 -77 -79
2.641991 -77 -64
2.642991 -78 -65
2.643991 -78 -76
2.644991 -79 -72
2.645991 -79 -74
2.646991 -79 -78
2.647990 -80 -80
2.648990 -80 -67
2.649990 -80 -71
2.650990 -81 -82
2.651990 -81 -66
2.652990 -81 -79
2.653990 -82 -76
2.654990 -82 -65
2.655990 -83 -80
2.656990 -83 -85
2.657990 -83 -71
2.658990 -84 -78
2.659990 -84 -84
2.660990 -84 -67
2.661989 -85 -81
2.662989 -85 -76
2.663989 -85 -70
2.664989 -86 -89
2.665989 -86 -82
2.666989 -86 -60
2.667989 -87 -85
2.668989 -87 -74
2.669989 -87 -66
2.670989 -87 -87
2.671989 -88 -77
2.672989 -88 -69
2.673989 -88 -80
2.674989 -89 -87
2.675988 -89 -78
2.676988 -89 -82
2.677988 -89 -79
2.678988 -90 -68
2.679988 -90 -84
2.680988 -90 -86
2.681988 -91 -82
2.682988 -91 -87
2.683988 -91 -88
2.684988 -91 -101
2.685988 -92 -87
2.686988 -92 -81
2.687988 -92 -92
2.688987 -92 -94
2.689987 -92 -96
2.690987 -93 -103
2.691987 -93 -71
2.692987 -93 -92
2.693987 -93 -91
2.694987 -94 -84
2.695987 -94 -88
2.696987 -94 -92
2.697987 -94 -94
2.698987 -94 -99
2.699987 -95 -94
2.700987 -95 -94
2.701987 -95 -92
2.702986 -95 -87
2.703986 -95 -97
2.704986 -96 -89
2.705986 -96 -88
2.706986 -96 -95
2.707986 -96 -83
2.708986 -96 -87
2.709986 -96 -96
2.710986 -97 -89
2.711986 -97 -102
2.712986 -97 -85
2.713986 -97 -94
2.714986 -97 -105
2.715986 -97 -100
2.716985 -97 -93
2.717985 -97 -82
2.718985 -98 -98
2.719985 -98 -96
2.720985 -98 -96
2.721985 -98 -99
2.722985 -98 -88
2.723985 -98 -104
2.724985 -98 -96
2.725985 -98 -100
2.726985 -98 -92
2.727985 -99 -115
2.728985 -99 -108
2.729985 -99 -87
2.730984 -99 -105
2.731984 -99 -92
2.732984 -99 -105
2.733984 -99 -103
2.734984 -99 -87
2.735984 -99 -105
2.736984 -99 -105
2.737984 -99 -96
2.738984 -99 -98
2.739984 -99 -98
2.740984 -99 -98
2.741984 -99 -78
2.742984 -99 -103
2.743984 -99 -109
2.744983 -99 -109
2.745983 -99 -97
2.746983 -99 -73
2.747983 -99 -94
2.748983 -99 -97
2.749983 -99 -100
2.750983 -99 -103
2.751983 -99 -80
2.752983 -99 -95
2.753983 -99 -101
2.754983 -99 -103
2.755983 -99 -107
2.756983 -99 -85
2.757982 -99 -102
2.758982 -99 -91
2.759982 -99 -95
2.760982 -99 -109
2.761982 -99 -110
2.762982 -99 -105
2.763982 -99 -99
2.764982 -99 -102
2.765982 -99 -82
2.766982 -99 -92
2.767982 -99 -94
2.768982 -99 -91
2.769982 -99 -89
2.770982 -99 -91
2.771981 -99 -93
2.772981 -98 -110
2.773981 -98 -96
2.774981 -98 -102
2.775981 -98 -83
2.776981 -98 -100
2.777981 -98 -105
2.778981 -98 -103
2.779981 -98 -101
2.780981 -98 -83
2.781981 -97 -108
2.782981 -97 -97
2.783981 -97 -100
2.784981 -97 -107
2.785980 -97 -108
2.786980 -97 -117
2.787980 -97 -111
2.788980 -97 -114
2.789980 -96 -96
2.790980 -96 -102
2.791980 -96 -95
2.792980 -96 -108
2.793980 -96 -92
2.794980 -96 -112
2.795980 -95 -109
2.796980 -95 -121
2.797980 -95 -113
2.798980 -95 -104
2.799979 -95 -113
2.800979 -94 -101
2.801979 -94 -100
2.802979 -94 -84
2.803979 -94 -109
2.804979 -94 -103
2.805979 -93 -106
2.806979 -93 -117
2.807979 -93 -103
2.808979 -93 -100
2.809979 -92 -91
2.810979 -92 -99
2.811979 -92 -85
2.812979 -92 -109
2.813978 -92 -104
2.814978 -91 -107
2.815978 -91 -106
2.816978 -91 -89
2.817978 -91 -102
2.818978 -90 -88
2.819978 -90 -106
2.820978 -90 -97
2.821978 -89 -103
2.822978 -89 -96
2.823978 -89 -86
2.824978 -89 -97
2.825978 -88 -88
2.826977 -88 -94
2.827977 -88 -91
2.828977 -87 -70
2.829977 -87 -86
2.830977 -87 -84
2.831977 -87 -96
2.832977 -86 -83
2.833977 -86 -83
2.834977 -86 -89
2.835977 -85 -92
2.836977 -85 -80
2.837977 -85 -91
2.838977 -84 -90
2.839977 -84 -93
2.840976 -84 -94
2.841976 -83 -76
2.842976 -83 -91
2.843976 -83 -92
2.844976 -82 -92
2.845976 -82 -100
2.846976 -82 -91
2.847976 -81 -103
2.848976 -81 -94
2.849976 -80 -101
2.850976 -80 -110
2.851976 -80 -101
2.852976 -79 -93
2.853976 -79 -75
2.854975 -79 -97
2.855975 -78 -99
2.856975 -78 -90
2.857975 -77 -102
2.858975 -77 -92
2.859975 -77 -88
2.860975 -76 -90
2.861975 -76 -81
2.862975 -75 -86
2.863975 -75 -87
2.864975 -75 -69
2.865975 -74 -86
2.866975 -74 -87
2.867975 -73 -71
2.868974 -73 -77
2.869974 -72 -81
2.870974 -72 -64
2.871974 -72 -78
2.872974 -71 -85
2.873974 -71 -61
2.874974 -70 -76
2.875974 -70 -84
2.876974 -69 -69
2.877974 -69 -73
2.878974 -68 -77
2.879974 -68 -66
2.880974 -68 -74
2.881974 -67 -71
2.882973 -67 -71
2.883973 -66 -75
2.884973 -66 -64
2.885973 -65 -73
2.886973 -65 -54
2.887973 -64 -63
2.888973 -64 -57
2.889973 -63 -50
2.890973 -63 -54
2.891973 -62 -57
2.892973 -62 -54
2.893973 -61 -61
2.894973 -61 -53
2.895972 -60 -51
2.896972 -60 -49
2.897972 -59 -56
2.898972 -59 -58
2.899972 -58 -42
2.900972 -58 -46
2.901972 -57 -45
2.902972 -57 -41
2.903972 -56 -47
2.904972 -56 -40
2.905972 -55 -34
2.906972 -55 -41
2.907972 -54 -36
2.908972 -54 -32
2.909971 -53 -26
2.910971 -53 -41
2.911971 -52 -32
2.912971 -51 -28
2.913971 -51 -42
2.914971 -50 -36
2.915971 -50 -32
2.916971 -49 -33
2.917971 -49 -33
2.918971 -48 -47
2.919971 -48 -38
2.920971 -47 -50
2.921971 -47 -44
2.922971 -46 -38
2.923970 -45 -47
2.924970 -45 -40
2.925970 -44 -50
2.926970 -44 -46
2.927970 -43 -47
2.928970 -43 -54
2.929970 -42 -40
2.930970 -42 -52
2.931970 -41 -50
2.932970 -40 -46
2.933970 -40 -49
2.934970 -39 -35
2.935970 -39 -40
2.936970 -38 -43
2.937969 -37 -47
2.938969 -37 -45
2.939969 -36 -41
2.940969 -36 -28
2.941969 -35 -32
2.942969 -35 -34
2.943969 -34 -32
2.944969 -33 -31
2.945969 -33 -31
2.946969 -32 -31
2.947969 -32 -24
2.948969 -31 -28
2.949969 -30 -28
2.950969 -30 -26
2.951968 -29 -30
2.952968 -29 -27
2.953968 -28 -29
2.954968 -27 -26
2.955968 -27 -25
2.956968 -26 -23
2.957968 -26 -25
2.958968 -25 -28
2.959968 -24 -24
2.960968 -24 -24
2.961968 -23 -25
2.962968 -23 -19
2.963968 -22 -22
2.964967 -21 -24
2.965967 -21 -23
2.966967 -20 -18
2.967967 -19 -19
2.968967 -19 -24
2.969967 -18 -17
2.970967 -18 -21
2.971967 -17 -21
2.972967 -16 -16
2.973967 -16 -19
2.974967 -15 -17
2.975967 -15 -18
2.976967 -14 -18
2.977967 -13 -16
2.978966 -13 -14
2.979966 -12 -12
2.980966 -11 -10
2.981966 -11 -10
2.982966 -10 -7
2.983966 -10 -6
2.984966 -9 -6
2.985966 -8 -5
2.986966 -8 -5
2.987966 -7 -5
2.988966 -6 -5
2.989966 -6 -4
2.990966 -5 -4
2.991966 -5 -4
2.992965 -4 -7
2.993965 -3 -7
2.994965 -3 -6
2.995965 -2 -6
2.996965 -1 -9
2.997965 -1 -9
2.998965 0 -8
2.999965 0 -8
3.000965 0 -8
3.001965 1 -8
3.002965 1 -8
3.003965 2 -8
3.004965 3 -8
3.005965 3 -8
3.006964 4 -8
3.007964 5 -8
3.008964 5 -8
3.009964 6 -6
3.010964 6 -6
3.011964 7 -6
3.012964 8 -5
3.013964 8 -5
3.014964 9 -5
3.015964 10 -7
3.016964 10 -7
3.017964 11 -5
3.018964 11 -4
3.019964 12 0
3.020963 13 0
3.021963 13 0
3.022963 14 0
3.023963 14 0
3.024963 15 0
3.025963 16 0
3.026963 16 0
3.027963 17 0
3.028963 18 0
3.029963 18 0
3.030963 19 1
3.031963 19 1
3.032963 20 1
3.033962 21 1
3.034962 21 1
3.035962 22 1
3.036962 23 1
3.037962 23 1
3.038962 24 1
3.039962 24 1
3.040962 25 1
3.041962 26 1
3.042962 26 1
3.043962 27 1
3.044962 27 1
3.045962 28 9
3.046962 29 9
3.047961 29 11
3.048961 30 10
3.049961 30 10
3.050961 31 9
3.051961 32 8
3.052961 32 7
3.053961 33 7
3.054961 33 7
3.055961 34 7
3.056961 35 8
3.057961 35 7
3.058961 36 6
3.059961 36 6
3.060961 37 6
3.061960 37 4
3.062960 38 4
3.063960 39 4
3.064960 39 4
3.065960 40 4
3.066960 40 3
3.067960 41 3
3.068960 41 3
3.069960 42 3
3.070960 43 3
3.071960 43 4
3.072960 44 4
3.073960 44 4
3.074960 45 4
3.075959 45 3
3.076959 46 3
3.077959 47 3
3.078959 47 6
3.079959 48 6
3.080959 48 8
3.081959 49 15
3.082959 49 15
3.083959 50 24
3.084959 50 17
3.085959 51 20
3.086959 51 24
3.087959 52 34
3.088959 53 30
3.089958 53 27
3.090958 54 39
3.091958 54 53
3.092958 55 56
3.093958 55 43
3.094958 56 49
3.095958 56 62
3.096958 57 59
3.097958 57 60
3.098958 58 60
3.099958 58 64
3.100958 59 72
3.101958 59 58
3.102957 60 54
3.103957 60 66
3.104957 61 72
3.105957 61 58
3.106957 62 71
3.107957 62 78
3.108957 63 72
3.109957 63 61
3.110957 64 72
3.111957 64 69
3.112957 65 65
3.113957 65 72
3.114957 66 74
3.115957 66 77
3.116956 67 71
3.117956 67 81
3.118956 67 78
3.119956 68 81
3.120956 68 79
3.121956 69 78
3.122956 69 72
3.123956 70 84
3.124956 70 82
3.125956 71 78
3.126956 71 75
3.127956 72 84
3.128956 72 75
3.129956 72 90
3.130955 73 92
3.131955 73 88
3.132955 74 86
3.133955 74 78
3.134955 74 86
3.135955 75 91
3.136955 75 81
3.137955 76 89
3.138955 76 95
3.139955 77 91
3.140955 77 88
3.141955 77 94
3.142955 78 87
3.143955 78 98
3.144954 78 70
3.145954 79 96
3.146954 79 102
3.147954 80 97
3.148954 80 95
3.149954 80 83
3.150954 81 88
3.151954 81 92
3.152954 81 71
3.153954 82 86
3.154954 82 85
3.155954 83 77
3.156954 83 80
3.157954 83 76
3.158953 84 76
3.159953 84 76
3.160953 84 84
3.161953 85 79
3.162953 85 78
3.163953 85 73
3.164953 86 82
3.165953 86 80
3.166953 86 76
3.167953 87 89
3.168953 87 92
3.169953 87 67
3.170953 87 78
3.171952 88 82
3.172952 88 68
3.173952 88 82
3.174952 89 92
3.175952 89 72
3.176952 89 72
3.177952 89 84
3.178952 90 71
3.179952 90 89
3.180952 90 87
3.181952 90 91
3.182952 91 84
3.183952 91 99
3.184952 91 93
3.185951 92 97
3.186951 92 71
3.187951 92 95
3.188951 92 92
3.189951 92 99
3.190951 93 93
3.191951 93 97
3.192951 93 94
3.193951 93 94
3.194951 94 101
3.195951 94 97
3.196951 94 82
3.197951 94 101
3.198951 94 97
3.199950 95 106
3.200950 95 101
3.201950 95 102
3.202950 95 107
3.203950 95 95
3.204950 96 99
3.205950 96 80
3.206950 96 111
3.207950 96 109
3.208950 96 108
3.209950 96 109
3.210950 97 106
3.211950 97 109
3.212950 97 91
3.213949 97 109
3.214949 97 107
3.215949 97 111
3.216949 97 114
3.217949 97 99
3.218949 98 101
3.219949 98 96
3.220949 98 101
3.221949 98 83
3.222949 98 104
3.223949 98 104
3.224949 98 100
3.225949 98 96
3.226948 98 78
3.227948 99 97
3.228948 99 99
3.229948 99 100
3.230948 99 98
3.231948 99 82
3.232948 99 99
3.233948 99 93
3.234948 99 95
3.235948 99 95
3.236948 99 79
3.237948 99 86
3.238948 99 88
3.239948 99 90
3.240947 99 90
3.241947 99 90
3.242947 99 92
3.243947 99 87
3.244947 99 81
3.245947 99 97
3.246947 99 90
3.247947 99 87
3.248947 99 89
3.249947 99 97
3.250947 99 93
3.251947 99 94
3.252947 99 82
3.253947 99 91
3.254946 99 93
3.255946 99 89
3.256946 99 95
3.257946 99 77
3.258946 99 105
3.259946 99 98
3.260946 99 103
3.261946 99 97
3.262946 99 86
3.263946 99 109
3.264946 99 105
3.265946 99 96
3.266946 99 103
3.267946 99 101
3.268945 99 101
3.269945 99 106
3.270945 99 109
3.271945 99 102
3.272945 98 105
3.273945 98 89
3.274945 98 107
3.275945 98 110
3.276945 98 114
3.277945 98 115
3.278945 98 106
3.279945 98 108
3.280945 98 103
3.281945 97 107
3.282944 97 90
3.283944 97 117
3.284944 97 106
3.285944 97 111
3.286944 97 107
3.287944 97 100
3.288944 97 116
3.289944 96 99
3.290944 96 104
3.291944 96 99
3.292944 96 99
3.293944 96 94
3.294944 96 99
3.295943 95 105
3.296943 95 89
3.297943 95 101
3.298943 95 87
3.299943 95 108
3.300943 94 108
3.301943 94 114
3.302943 94 105
3.303943 94 104
3.304943 94 104
3.305943 93 99
3.306943 93 101
3.307943 93 96
3.308943 93 103
3.309942 92 99
3.310942 92 97
3.311942 92 110
3.312942 92 88
3.313942 92 102
3.314942 91 96
3.315942 91 98
3.316942 91 103
3.317942 91 104
3.318942 90 107
3.319942 90 86
3.320942 90 99
3.321942 89 94
3.322942 89 102
3.323941 89 99
3.324941 89 101
3.325941 88 102
3.326941 88 75
3.327941 88 95
3.328941 87 106
3.329941 87 99
3.330941 87 93
3.331941 87 75
3.332941 86 85
3.333941 86 92
3.334941 86 80
3.335941 85 86
3.336941 85 98
3.337940 85 88
3.338940 84 86
3.339940 84 61
3.340940 84 88
3.341940 83 82
3.342940 83 76
3.343940 83 84
3.344940 82 91
3.345940 82 73
3.346940 82 81
3.347940 81 88
3.348940 81 69
3.349940 80 80
3.350940 80 83
3.351939 80 78
3.352939 79 76
3.353939 79 78
3.354939 79 58
3.355939 78 81
3.356939 78 79
3.357939 77 61
3.358939 77 73
3.359939 77 75
3.360939 76 72
3.361939 76 72
3.362939 75 74
3.363939 75 73
3.364938 75 68
3.365938 74 87
3.366938 74 73
3.367938 73 70
3.368938 73 83
3.369938 72 81
3.370938 72 69
3.371938 72 81
3.372938 71 79
3.373938 71 73
3.374938 70 84
3.375938 70 87
3.376938 69 81
3.377938 69 90
3.378937 68 82
3.379937 68 87
3.380937 68 83
3.381937 67 79
3.382937 67 90
3.383937 66 81
3.384937 66 82
3.385937 65 78
3.386937 65 79
3.387937 64 82
3.388937 64 66
3.389937 63 67
3.390937 63 64
3.391937 62 51
3.392936 62 64
3.393936 61 56
3.394936 61 54
3.395936 60 63
3.396936 60 52
3.397936 59 56
3.398936 59 48
3.399936 58 50
3.400936 58 52
3.401936 57 43
3.402936 57 45
3.403936 56 40
3.404936 56 38
3.405936 55 34
3.406935 55 28
3.407935 54 38
3.408935 54 42
3.409935 53 45
3.410935 53 39
3.411935 52 51
3.412935 52 37
3.413935 51 42
3.414935 50 36
3.415935 50 37
3.416935 49 41
3.417935 49 42
3.418935 48 36
3.419935 48 52
3.420934 47 47
3.421934 47 48
3.422934 46 50
3.423934 45 40
3.424934 45 46
3.425934 44 47
3.426934 44 49
3.427934 43 40
3.428934 43 42
3.429934 42 46
3.430934 42 39
3.431934 41 45
3.432934 40 40
3.433933 40 44
3.434933 39 39
3.435933 39 44
3.436933 38 47
3.437933 38 43
3.438933 37 46
3.439933 36 41
3.440933 36 35
3.441933 35 43
3.442933 35 56
3.443933 34 43
3.444933 33 46
3.445933 33 43
3.446933 32 33
3.447932 32 42
3.448932 31 36
3.449932 30 33
3.450932 30 39
3.451932 29 40
3.452932 29 32
3.453932 28 45
3.454932 27 43
3.455932 27 42
3.456932 26 41
3.457932 26 45
3.458932 25 43
3.459932 24 37
3.460932 24 50
3.461931 23 43
3.462931 23 30
3.463931 22 39
3.464931 21 28
3.465931 21 27
3.466931 20 31
3.467931 20 26
3.468931 19 28
3.469931 18 28
3.470931 18 26
3.471931 17 30
3.472931 16 21
3.473931 16 18
3.474931 15 21
3.475930 15 28
3.476930 14 23
3.477930 13 24
3.478930 13 24
3.479930 12 20
3.480930 11 25
3.481930 11 20
3.482930 10 21
3.483930 10 15
3.484930 9 14
3.485930 8 12
3.486930 8 16
3.487930 7 14
3.488930 6 9
3.489929 6 9
3.490929 5 8
3.491929 5 8
3.492929 4 6
3.493929 3 4
3.494929 3 0
3.495929 2 0
3.496929 1 0
3.497929 1 0
3.498929 0 0
3.499929 0 0
3.500929 0 0
3.501929 -1 0
3.502928 -1 0
3.503928 -2 1
3.504928 -3 1
3.505928 -3 1
3.506928 -4 1
3.507928 -4 1
3.508928 -5 3
3.509928 -6 3
3.510928 -6 3
3.511928 -7 3
3.512928 -8 3
3.513928 -8 3
3.514928 -9 2
3.515928 -9 2
3.516927 -10 2
3.517927 -11 2
3.518927 -11 0
3.519927 -12 0
3.520927 -13 0
3.521927 -13 0
3.522927 -14 0
3.523927 -14 -1
3.524927 -15 -1
3.525927 -16 -1
3.526927 -16 -1
3.527927 -17 -4
3.528927 -18 -4
3.529927 -18 -4
3.530926 -19 -4
3.531926 -19 -3
3.532926 -20 -3
3.533926 -21 -2
3.534926 -21 -2
3.535926 -22 2
3.536926 -22 2
3.537926 -23 2
3.538926 -24 2
3.539926 -24 2
3.540926 -25 2
3.541926 -26 2
3.542926 -26 2
3.543926 -27 2
3.544925 -27 2
3.545925 -28 -2
3.546925 -29 -2
3.547925 -29 -5
3.548925 -30 -5
3.549925 -30 -15
3.550925 -31 -19
3.551925 -32 -17
3.552925 -32 -24
3.553925 -33 -24
3.554925 -33 -23
3.555925 -34 -24
3.556925 -35 -24
3.557925 -35 -28
3.558924 -36 -23
3.559924 -36 -25
3.560924 -37 -22
3.561924 -37 -29
3.562924 -38 -26
3.563924 -39 -30
3.564924 -39 -32
3.565924 -40 -30
3.566924 -40 -37
3.567924 -41 -30
3.568924 -41 -33
3.569924 -42 -35
3.570924 -43 -38
3.571923 -43 -37
3.572923 -44 -47
3.573923 -44 -42
3.574923 -45 -34
3.575923 -45 -32
3.576923 -46 -42
3.577923 -47 -41
3.578923 -47 -37
3.579923 -48 -33
3.580923 -48 -33
3.581923 -49 -32
3.582923 -49 -43
3.583923 -50 -37
3.584923 -50 -39
3.585922 -51 -46
3.586922 -51 -38
3.587922 -52 -51
3.588922 -53 -42
3.589922 -53 -37
3.590922 -54 -45
3.591922 -54 -48
3.592922 -55 -45
3.593922 -55 -53
3.594922 -56 -53
3.595922 -56 -51
3.596922 -57 -40
3.597922 -57 -70
3.598922 -58 -55
3.599921 -58 -53
3.600921 -59 -65
3.601921 -59 -42
3.602921 -60 -55
3.603921 -60 -58
3.604921 -61 -58
3.605921 -61 -48
3.606921 -62 -62
3.607921 -62 -58
3.608921 -63 -49
3.609921 -63 -58
3.610921 -64 -47
3.611921 -64 -61
3.612921 -65 -61
3.613920 -65 -89
3.614920 -66 -49
3.615920 -66 -68
3.616920 -67 -58
3.617920 -67 -68
3.618920 -67 -57
3.619920 -68 -64
3.620920 -68 -72
3.621920 -69 -57
3.622920 -69 -71
3.623920 -70 -73
3.624920 -70 -81
3.625920 -71 -74
3.626920 -71 -77
3.627919 -71 -80
3.628919 -72 -78
3.629919 -72 -90
3.630919 -73 -95
3.631919 -73 -101
3.632919 -74 -95
3.633919 -74 -101
3.634919 -74 -107
3.635919 -75 -85
3.636919 -75 -101
3.637919 -76 -106
3.638919 -76 -104
3.639919 -77 -106
3.640918 -77 -92
3.641918 -77 -116
3.642918 -78 -94
3.643918 -78 -108
3.644918 -78 -113
3.645918 -79 -113
3.646918 -79 -107
3.647918 -80 -114
3.648918 -80 -112
3.649918 -80 -104
3.650918 -81 -109
3.651918 -81 -95
3.652918 -81 -101
3.653918 -82 -84
3.654917 -82 -112
3.655917 -83 -97
3.656917 -83 -99
3.657917 -83 -103
3.658917 -84 -83
3.659917 -84 -95
3.660917 -84 -84
3.661917 -85 -101
3.662917 -85 -98
3.663917 -85 -76
3.664917 -86 -93
3.665917 -86 -93
3.666917 -86 -79
3.667917 -86 -88
3.668916 -87 -87
3.669916 -87 -84
3.670916 -87 -84
3.671916 -88 -62
3.672916 -88 -88
3.673916 -88 -81
3.674916 -89 -70
3.675916 -89 -92
3.676916 -89 -86
3.677916 -89 -78
3.678916 -90 -86
3.679916 -90 -86
3.680916 -90 -87
3.681916 -90 -83
3.682915 -91 -89
3.683915 -91 -89
3.684915 -91 -87
3.685915 -92 -83
3.686915 -92 -89
3.687915 -92 -101
3.688915 -92 -73
3.689915 -92 -80
3.690915 -93 -90
3.691915 -93 -94
3.692915 -93 -96
3.693915 -93 -88
3.694915 -94 -96
3.695915 -94 -95
3.696914 -94 -105
3.697914 -94 -106
3.698914 -94 -75
3.699914 -95 -96
3.700914 -95 -105
3.701914 -95 -103
3.702914 -95 -106
3.703914 -95 -106
3.704914 -96 -97
3.705914 -96 -82
3.706914 -96 -99
3.707914 -96 -105
3.708914 -96 -104
3.709913 -96 -103
3.710913 -96 -94
3.711913 -97 -104
3.712913 -97 -89
3.713913 -97 -106
3.714913 -97 -106
3.715913 -97 -104
3.716913 -97 -103
3.717913 -97 -113
3.718913 -98 -106
3.719913 -98 -89
3.720913 -98 -107
3.721913 -98 -94
3.722913 -98 -103
3.723912 -98 -102
3.724912 -98 -100
3.725912 -98 -106
3.726912 -98 -91
3.727912 -99 -98
3.728912 -99 -91
3.729912 -99 -99
3.730912 -99 -99
3.731912 -99 -82
3.732912 -99 -112
3.733912 -99 -102
3.734912 -99 -96
3.735912 -99 -101
3.736912 -99 -102
3.737911 -99 -103
3.738911 -99 -87
3.739911 -99 -103
3.740911 -99 -98
3.741911 -99 -105
3.742911 -99 -107
3.743911 -99 -88
3.744911 -99 -100
3.745911 -99 -103
3.746911 -99 -102
3.747911 -99 -99
3.748911 -99 -95
3.749911 -99 -103
3.750911 -99 -81
3.751910 -99 -98
3.752910 -99 -107
3.753910 -99 -101
3.754910 -99 -106
3.755910 -99 -85
3.756910 -99 -89
3.757910 -99 -102
3.758910 -99 -93
3.759910 -99 -96
3.760910 -99 -87
3.761910 -99 -102
3.762910 -99 -95
3.763910 -99 -94
3.764910 -99 -94
3.765909 -99 -89
3.766909 -99 -94
3.767909 -99 -99
3.768909 -99 -93
3.769909 -99 -102
3.770909 -99 -78
3.771909 -99 -99
3.772909 -98 -94
3.773909 -98 -79
3.774909 -98 -94
3.775909 -98 -99
3.776909 -98 -95
3.777909 -98 -99
3.778908 -98 -98
3.779908 -98 -100
3.780908 -98 -91
3.781908 -97 -97
3.782908 -97 -103
3.783908 -97 -94
3.784908 -97 -105
3.785908 -97 -87
3.786908 -97 -105
3.787908 -97 -105
3.788908 -97 -108
3.789908 -96 -107
3.790908 -96 -103
3.791908 -96 -108
3.792907 -96 -101
3.793907 -96 -105
3.794907 -96 -80
3.795907 -95 -105
3.796907 -95 -101
3.797907 -95 -104
3.798907 -95 -98
3.799907 -95 -91
3.800907 -94 -100
3.801907 -94 -84
3.802907 -94 -98
3.803907 -94 -107
3.804907 -94 -108
3.805907 -93 -104
3.806906 -93 -89
3.807906 -93 -98
3.808906 -93 -93
3.809906 -92 -103
3.810906 -92 -100
3.811906 -92 -91
3.812906 -92 -92
3.813906 -92 -85
3.814906 -91 -100
3.815906 -91 -114
3.816906 -91 -89
3.817906 -91 -91
3.818906 -90 -82
3.819906 -90 -90
3.820905 -90 -93
3.821905 -89 -81
3.822905 -89 -95
3.823905 -89 -83
3.824905 -89 -82
3.825905 -88 -74
3.826905 -88 -74
3.827905 -88 -82
3.828905 -87 -86
3.829905 -87 -81
3.830905 -87 -86
3.831905 -87 -84
3.832905 -86 -69
3.833905 -86 -84
3.834904 -86 -95
3.835904 -85 -70
3.836904 -85 -76
3.837904 -85 -80
3.838904 -84 -73
3.839904 -84 -83
3.840904 -84 -85
3.841904 -83 -64
3.842904 -83 -93
3.843904 -83 -79
3.844904 -82 -72
3.845904 -82 -80
3.846904 -82 -85
3.847903 -81 -63
3.848903 -81 -80
3.849903 -80 -80
3.850903 -80 -70
3.851903 -80 -85
3.852903 -79 -81
3.853903 -79 -63
3.854903 -79 -85
3.855903 -78 -88
3.856903 -78 -76
3.857903 -77 -81
3.858903 -77 -94
3.859903 -77 -71
3.860903 -76 -85
3.861902 -76 -86
3.862902 -75 -87
3.863902 -75 -81
3.864902 -75 -61
3.865902 -74 -78
3.866902 -74 -78
3.867902 -73 -79
3.868902 -73 -88
3.869902 -72 -83
3.870902 -72 -70
3.871902 -72 -80
3.872902 -71 -79
3.873902 -71 -84
3.874902 -70 -85
3.875901 -70 -90
3.876901 -69 -69
3.877901 -69 -89
3.878901 -68 -87
3.879901 -68 -74
3.880901 -68 -93
3.881901 -67 -79
3.882901 -67 -80
3.883901 -66 -81
3.884901 -66 -79
3.885901 -65 -69
3.886901 -65 -77
3.887901 -64 -80
3.888901 -64 -65
3.889900 -63 -69
3.890900 -63 -75
3.891900 -62 -68
3.892900 -62 -63
3.893900 -61 -66
3.894900 -61 -66
3.895900 -60 -48
3.896900 -60 -62
3.897900 -59 -65
3.898900 -59 -60
3.899900 -58 -45
3.900900 -58 -69
3.901900 -57 -60
3.902900 -57 -50
3.903899 -56 -47
3.904899 -56 -56
3.905899 -55 -58
3.906899 -55 -58
3.907899 -54 -53
3.908899 -54 -51
3.909899 -53 -48
3.910899 -53 -57
3.911899 -52 -49
3.912899 -52 -37
3.913899 -51 -66
3.914899 -50 -45
3.915899 -50 -50
3.916898 -49 -47
3.917898 -49 -40
3.918898 -48 -46
3.919898 -48 -51
3.920898 -47 -41
3.921898 -47 -46
3.922898 -46 -38
3.923898 -46 -47
3.924898 -45 -51
3.925898 -44 -47
3.926898 -44 -46
3.927898 -43 -35
3.928898 -43 -53
3.929898 -42 -55
3.930897 -42 -38
3.931897 -41 -49
3.932897 -40 -35
3.933897 -40 -48
3.934897 -39 -45
3.935897 -39 -54
3.936897 -38 -51
3.937897 -38 -40
3.938897 -37 -51
3.939897 -36 -44
3.940897 -36 -40
3.941897 -35 -43
3.942897 -35 -38
3.943897 -34 -44
3.944896 -33 -43
3.945896 -33 -43
3.946896 -32 -36
3.947896 -32 -40
3.948896 -31 -47
3.949896 -30 -41
3.950896 -30 -37
3.951896 -29 -36
3.952896 -29 -36
3.953896 -28 -33
3.954896 -27 -29
3.955896 -27 -26
3.956896 -26 -33
3.957896 -26 -32
3.958895 -25 -43
3.959895 -24 -30
3.960895 -24 -30
3.961895 -23 -27
3.962895 -23 -25
3.963895 -22 -39
3.964895 -21 -31
3.965895 -21 -29
3.966895 -20 -30
3.967895 -20 -34
3.968895 -19 -29
3.969895 -18 -23
3.970895 -18 -18
3.971895 -17 -18
3.972894 -16 -20
3.973894 -16 -20
3.974894 -15 -15
3.975894 -15 -15
3.976894 -14 -16
3.977894 -13 -17
3.978894 -13 -14
3.979894 -12 -14
3.980894 -11 -11
3.981894 -11 -10
3.982894 -10 -8
3.983894 -10 -8
3.984894 -9 -7
3.985893 -8 -5
3.986893 -8 -4
3.987893 -7 -4
3.988893 -6 -4
3.989893 -6 -4
3.990893 -5 -3
3.991893 -5 3
3.992893 -4 3
3.993893 -3 3
3.994893 -3 4
3.995893 -2 4
3.996893 -1 4
3.997893 -1 4
3.998893 0 3
