0.000000 0 -37
0.001000 1 -34
0.002000 2 -30
0.003000 3 -37
0.004000 5 -34
0.005000 6 -36
0.006000 7 -43
0.007000 8 -39
0.008000 10 -32
0.009000 11 -31
0.010000 12 -38
0.011000 13 -40
0.012000 15 -37
0.013000 16 -37
0.014000 17 -45
0.015000 18 -31
0.016000 20 -32
0.017000 21 -34
0.018000 22 -26
0.019000 23 -24
0.020000 25 -23
0.021000 26 -24
0.022000 27 -22
0.023000 28 -23
0.024000 30 -20
0.025000 31 -15
0.026000 32 -10
0.027000 33 -9
0.028000 35 -6
0.029000 36 -6
0.030000 37 -6
0.031000 38 5
0.032000 39 28
0.033000 41 32
0.034000 42 32
0.035000 43 40
0.036000 44 39
0.037000 46 43
0.038000 47 40
0.039000 48 50
0.040000 49 58
0.041000 50 54
0.042000 52 57
0.043000 53 62
0.044000 54 67
0.045000 55 71
0.046000 57 60
0.047000 58 63
0.048000 59 73
0.049000 60 66
0.050000 61 79
0.051000 62 76
0.052000 64 71
0.053000 65 85
0.054000 66 86
0.055000 67 70
0.056000 68 91
0.057000 70 92
0.058000 71 84
0.059000 72 89
0.060000 73 91
0.061000 74 92
0.062000 75 93
0.063000 77 82
0.064000 78 85
0.065000 79 89
0.066000 80 93
0.067000 81 92
0.068000 82 75
0.069000 84 96
0.070000 85 98
0.071000 86 90
0.072000 87 95
0.073000 88 90
0.074000 89 97
0.075000 90 108
0.076000 91 98
0.077000 93 111
0.078000 94 106
0.079000 95 112
0.080000 96 87
0.081000 97 92
0.082000 98 104
0.083000 99 99
0.084000 100 105
0.085000 101 102
0.086000 102 126
0.087000 103 92
0.088000 105 109
0.089000 106 93
0.090000 107 107
0.091000 108 104
0.092000 109 110
0.093000 110 114
0.094000 111 109
0.095000 112 112
0.096000 113 112
0.097000 114 115
0.098000 115 111
0.099000 116 110
0.100000 117 100
0.101000 118 119
0.102000 119 93
0.103000 120 121
0.104000 121 99
0.105000 122 103
0.106000 123 96
0.107000 124 121
0.108000 125 102
0.109000 126 122
0.110000 127 113
0.111000 128 121
0.112000 129 113
0.113000 130 128
0.114000 131 115
0.115000 132 122
0.116000 133 106
0.117000 134 110
0.118000 135 129
0.119000 135 121
0.120000 136 115
0.121000 137 110
0.122000 138 127
0.123000 139 113
0.124000 140 132
0.125000 141 128
0.126000 142 140
0.127000 143 140
0.128000 144 112
0.129000 144 135
0.130000 145 110
0.131000 146 129
0.132000 147 114
0.133000 148 131
0.134000 149 115
0.135000 150 132
0.136000 150 124
0.137000 151 129
0.138000 152 125
0.139000 153 127
0.140000 154 124
0.141000 154 129
0.142000 155 130
0.143000 156 128
0.144000 157 133
0.145000 158 128
0.146000 158 130
0.147000 159 124
0.148000 160 127
0.149000 161 129
0.150000 161 141
0.151000 162 114
0.152000 163 136
0.153000 163 140
0.154000 164 136
0.155000 165 144
0.156000 166 125
0.157000 166 151
0.158000 167 145
0.159000 168 144
0.160000 168 148
0.161000 169 130
0.162000 170 157
0.163000 170 168
0.164000 171 147
0.165000 172 165
0.166000 172 170
0.167000 173 157
0.168000 174 170
0.169000 174 177
0.170000 175 172
0.171000 175 153
0.172000 176 171
0.173000 177 174
0.174000 177 192
0.175000 178 162
0.176000 178 173
0.177000 179 191
0.178000 179 198
0.179000 180 187
0.180000 180 188
0.181000 181 195
0.182000 182 197
0.183000 182 199
0.184000 183 197
0.185000 183 186
0.186000 184 183
0.187000 184 201
0.188000 185 196
0.189000 185 200
0.190000 185 194
0.191000 186 176
0.192000 186 181
0.193000 187 214
0.194000 187 205
0.195000 188 207
0.196000 188 211
0.197000 189 179
0.198000 189 180
0.199000 189 204
0.200000 190 205
0.201000 190 212
0.202000 190 201
0.203000 191 183
0.204000 191 182
0.205000 192 203
0.206000 192 195
0.207000 192 211
0.208000 193 201
0.209000 193 184
0.210000 193 187
0.211000 194 199
0.212000 194 201
0.213000 194 206
0.214000 194 198
0.215000 195 200
0.216000 195 199
0.217000 195 193
0.218000 195 195
0.219000 196 206
0.220000 196 200
0.221000 196 197
0.222000 196 197
0.223000 197 189
0.224000 197 180
0.225000 197 210
0.226000 197 210
0.227000 197 204
0.228000 198 203
0.229000 198 188
0.230000 198 180
0.231000 198 208
0.232000 198 202
0.233000 198 215
0.234000 198 196
0.235000 199 184
0.236000 199 182
0.237000 199 196
0.238000 199 190
0.239000 199 193
0.240000 199 193
0.241000 199 178
0.242000 199 179
0.243000 199 200
0.244000 199 195
0.245000 199 197
0.246000 199 205
0.247000 199 182
0.248000 199 177
0.249000 199 201
0.250000 199 198
0.251000 199 215
0.252000 199 207
0.253000 199 191
0.254000 199 183
0.255000 199 209
0.256000 199 221
0.257000 199 204
0.258000 199 202
0.259000 199 180
0.260000 199 194
0.261000 199 205
0.262000 199 193
0.263000 199 214
0.264000 199 194
0.265000 199 204
0.266000 198 197
0.267000 198 183
0.268000 198 195
0.269000 198 208
0.270000 198 203
0.271000 198 199
0.272000 198 210
0.273000 197 186
0.274000 197 187
0.275000 197 204
0.276000 197 198
0.277000 197 219
0.278000 196 225
0.279000 196 226
0.280000 196 223
0.281000 196 216
0.282000 195 228
0.283000 195 203
0.284000 195 206
0.285000 195 205
0.286000 194 206
0.287000 194 225
0.288000 194 220
0.289000 194 219
0.290000 193 234
0.291000 193 231
0.292000 193 220
0.293000 192 222
0.294000 192 215
0.295000 192 221
0.296000 191 225
0.297000 191 203
0.298000 190 195
0.299000 190 199
0.300000 190 210
0.301000 189 212
0.302000 189 206
0.303000 189 206
0.304000 188 199
0.305000 188 183
0.306000 187 186
0.307000 187 201
0.308000 186 202
0.309000 186 202
0.310000 185 192
0.311000 185 174
0.312000 185 177
0.313000 184 202
0.314000 184 199
0.314999 183 197
0.315999 183 192
0.316999 182 184
0.317999 182 190
0.318999 181 187
0.319999 180 192
0.320999 180 170
0.321999 179 168
0.322999 179 206
0.323999 178 183
0.324999 178 188
0.325999 177 177
0.326999 177 177
0.327999 176 188
0.328999 175 186
0.329999 175 178
0.330999 174 164
0.331999 174 185
0.332999 173 186
0.333999 172 188
0.334999 172 171
0.335999 171 174
0.336999 170 183
0.337999 170 179
0.338999 169 178
0.339999 168 176
0.340999 168 177
0.341999 167 166
0.342999 166 188
0.343999 166 176
0.344999 165 174
0.345999 164 156
0.346999 163 174
0.347999 163 181
0.348999 162 161
0.349999 161 152
0.350999 161 170
0.351999 160 171
0.352999 159 159
0.353999 158 168
0.354999 158 174
0.355999 157 171
0.356999 156 166
0.357999 155 171
0.358999 154 172
0.359999 154 170
0.360999 153 179
0.361999 152 170
0.362999 151 168
0.363999 150 160
0.364999 150 178
0.365999 149 175
0.366999 148 162
0.367999 147 156
0.368999 146 179
0.369999 145 178
0.370999 144 165
0.371999 144 158
0.372999 143 176
0.373999 142 187
0.374999 141 153
0.375999 140 171
0.376999 139 181
0.377999 138 176
0.378999 137 164
0.379999 136 160
0.380999 135 158
0.381999 135 138
0.382999 134 163
0.383999 133 161
0.384999 132 146
0.385999 131 154
0.386999 130 137
0.387999 129 142
0.388999 128 143
0.389999 127 124
0.390999 126 143
0.391998 125 141
0.392998 124 139
0.393998 123 149
0.394998 122 130
0.395998 121 144
0.396998 120 127
0.397998 119 134
0.398998 118 135
0.399998 117 133
0.400998 116 138
0.401998 115 107
0.402998 114 147
0.403998 113 100
0.404998 112 128
0.405998 111 107
0.406998 110 120
0.407998 109 107
0.408998 108 118
0.409998 107 115
0.410998 106 104
0.411998 105 102
0.412998 103 82
0.413998 102 99
0.414998 101 87
0.415998 100 106
0.416998 99 94
0.417998 98 85
0.418998 97 106
0.419998 96 82
0.420998 95 101
0.421998 94 87
0.422998 93 67
0.423998 91 89
0.424998 90 93
0.425998 89 79
0.426998 88 89
0.427998 87 82
0.428998 86 76
0.429998 85 89
0.430998 84 87
0.431998 82 78
0.432998 81 86
0.433998 80 78
0.434998 79 79
0.435998 78 80
0.436998 77 75
0.437998 75 73
0.438998 74 69
0.439998 73 75
0.440998 72 54
0.441998 71 69
0.442998 70 64
0.443998 68 57
0.444998 67 64
0.445998 66 50
0.446998 65 54
0.447998 64 61
0.448998 62 40
0.449998 61 47
0.450998 60 43
0.451998 59 49
0.452998 58 45
0.453998 57 37
0.454998 55 42
0.455998 54 38
0.456998 53 49
0.457998 52 41
0.458998 50 36
0.459998 49 30
0.460998 48 40
0.461998 47 40
0.462998 46 36
0.463998 44 36
0.464998 43 35
0.465998 42 28
0.466998 41 38
0.467998 39 38
0.468998 38 36
0.469997 37 37
0.470997 36 31
0.471997 35 32
0.472997 33 23
0.473997 32 26
0.474997 31 23
0.475997 30 24
0.476997 28 26
0.477997 27 24
0.478997 26 25
0.479997 25 22
0.480997 23 22
0.481997 22 23
0.482997 21 18
0.483997 20 17
0.484997 18 26
0.485997 17 24
0.486997 16 21
0.487997 15 29
0.488997 13 21
0.489997 12 23
0.490997 11 24
0.491997 10 23
0.492997 8 20
0.493997 7 16
0.494997 6 14
0.495997 5 15
0.496997 3 17
0.497997 2 11
0.498997 1 11
0.499997 0 11
0.500997 -1 7
0.501997 -2 5
0.502997 -3 5
0.503997 -5 5
0.504997 -6 4
0.505997 -7 3
0.506997 -8 3
0.507997 -10 -3
0.508997 -11 -10
0.509997 -12 -10
0.510997 -13 -7
0.511997 -15 -6
0.512997 -16 -6
0.513997 -17 -6
0.514997 -18 -6
0.515997 -20 -6
0.516997 -21 -4
0.517997 -22 -3
0.518997 -23 0
0.519997 -25 0
0.520997 -26 0
0.521997 -27 0
0.522997 -28 0
0.523997 -30 1
0.524997 -31 1
0.525997 -32 1
0.526997 -33 1
0.527997 -35 1
0.528997 -36 1
0.529997 -37 1
0.530997 -38 1
0.531997 -39 -15
0.532997 -41 -16
0.533997 -42 -21
0.534997 -43 -26
0.535997 -44 -25
0.536997 -46 -26
0.537997 -47 -26
0.538997 -48 -30
0.539997 -49 -31
0.540997 -50 -33
0.541997 -52 -32
0.542997 -53 -33
0.543997 -54 -36
0.544997 -55 -40
0.545997 -56 -46
0.546997 -58 -35
0.547997 -59 -47
0.548997 -60 -53
0.549996 -61 -45
0.550996 -62 -48
0.551996 -64 -54
0.552996 -65 -45
0.553996 -66 -54
0.554996 -67 -56
0.555996 -68 -60
0.556996 -70 -53
0.557996 -71 -73
0.558996 -72 -65
0.559996 -73 -62
0.560996 -74 -72
0.561996 -75 -72
0.562996 -77 -84
0.563996 -78 -77
0.564996 -79 -78
0.565996 -80 -90
0.566996 -81 -68
0.567996 -82 -87
0.568996 -84 -91
0.569996 -85 -81
0.570996 -86 -87
0.571996 -87 -86
0.572996 -88 -96
0.573996 -89 -91
0.574996 -90 -80
0.575996 -91 -100
0.576996 -93 -97
0.577996 -94 -91
0.578996 -95 -93
0.579996 -96 -93
0.580996 -97 -103
0.581996 -98 -104
0.582996 -99 -104
0.583996 -100 -101
0.584996 -101 -91
0.585996 -102 -105
0.586996 -103 -95
0.587996 -105 -104
0.588996 -106 -96
0.589996 -107 -109
0.590996 -108 -108
0.591996 -109 -96
0.592996 -110 -98
0.593996 -111 -93
0.594996 -112 -108
0.595996 -113 -111
0.596996 -114 -110
0.597996 -115 -108
0.598996 -116 -104
0.599996 -117 -115
0.600996 -118 -110
0.601996 -119 -122
0.602996 -120 -94
0.603996 -121 -118
0.604996 -122 -105
0.605996 -123 -125
0.606996 -124 -105
0.607996 -125 -129
0.608996 -126 -111
0.609996 -127 -126
0.610996 -128 -117
0.611996 -129 -136
0.612996 -130 -134
0.613996 -131 -125
0.614996 -132 -129
0.615996 -133 -121
0.616996 -134 -122
0.617996 -135 -99
0.618996 -135 -126
0.619996 -136 -116
0.620996 -137 -133
0.621996 -138 -119
0.622996 -139 -131
0.623996 -140 -126
0.624996 -141 -140
0.625996 -142 -135
0.626996 -143 -136
0.627995 -144 -140
0.628995 -144 -131
0.629995 -145 -137
0.630995 -146 -124
0.631995 -147 -136
0.632995 -148 -113
0.633995 -149 -143
0.634995 -150 -129
0.635995 -150 -148
0.636995 -151 -136
0.637995 -152 -116
0.638995 -153 -138
0.639995 -154 -124
0.640995 -154 -142
0.641995 -155 -138
0.642995 -156 -142
0.643995 -157 -137
0.644995 -158 -131
0.645995 -158 -144
0.646995 -159 -137
0.647995 -160 -131
0.648995 -161 -162
0.649995 -161 -133
0.650995 -162 -149
0.651995 -163 -156
0.652995 -163 -143
0.653995 -164 -163
0.654995 -165 -153
0.655995 -166 -138
0.656995 -166 -171
0.657995 -167 -162
0.658995 -168 -150
0.659995 -168 -156
0.660995 -169 -175
0.661995 -170 -172
0.662995 -170 -159
0.663995 -171 -180
0.664995 -172 -163
0.665995 -172 -167
0.666995 -173 -177
0.667995 -174 -187
0.668995 -174 -182
0.669995 -175 -176
0.670995 -175 -180
0.671995 -176 -184
0.672995 -177 -188
0.673995 -177 -169
0.674995 -178 -185
0.675995 -178 -194
0.676995 -179 -179
0.677995 -179 -184
0.678995 -180 -175
0.679995 -180 -182
0.680995 -181 -195
0.681995 -182 -188
0.682995 -182 -172
0.683995 -183 -177
0.684995 -183 -183
0.685995 -184 -186
0.686995 -184 -167
0.687995 -185 -172
0.688995 -185 -199
0.689995 -185 -187
0.690995 -186 -180
0.691995 -186 -179
0.692995 -187 -200
0.693995 -187 -191
0.694995 -188 -195
0.695995 -188 -199
0.696995 -189 -173
0.697995 -189 -177
0.698995 -189 -200
0.699995 -190 -193
0.700995 -190 -191
0.701995 -190 -195
0.702995 -191 -185
0.703995 -191 -179
0.704994 -192 -202
0.705994 -192 -200
0.706994 -192 -198
0.707994 -193 -196
0.708994 -193 -187
0.709994 -193 -190
0.710994 -194 -204
0.711994 -194 -201
0.712994 -194 -206
0.713994 -194 -206
0.714994 -195 -198
0.715994 -195 -185
0.716994 -195 -207
0.717994 -195 -206
0.718994 -196 -201
0.719994 -196 -192
0.720994 -196 -171
0.721994 -196 -179
0.722994 -197 -198
0.723994 -197 -207
0.724994 -197 -184
0.725994 -197 -191
0.726994 -197 -186
0.727994 -198 -176
0.728994 -198 -195
0.729994 -198 -200
0.730994 -198 -198
0.731994 -198 -184
0.732994 -198 -194
0.733994 -198 -200
0.734994 -199 -191
0.735994 -199 -199
0.736994 -199 -187
0.737994 -199 -184
0.738994 -199 -199
0.739994 -199 -189
0.740994 -199 -211
0.741994 -199 -205
0.742994 -199 -213
0.743994 -199 -207
0.744994 -199 -196
0.745994 -199 -191
0.746994 -199 -212
0.747994 -199 -205
0.748994 -199 -214
0.749994 -199 -220
0.750994 -199 -217
0.751994 -199 -216
0.752994 -199 -196
0.753994 -199 -186
0.754994 -199 -200
0.755994 -199 -214
0.756994 -199 -211
0.757994 -199 -220
0.758994 -199 -212
0.759994 -199 -211
0.760994 -199 -193
0.761994 -199 -188
0.762994 -199 -205
0.763994 -199 -200
0.764994 -199 -216
0.765994 -198 -222
0.766994 -198 -205
0.767994 -198 -223
0.768994 -198 -199
0.769994 -198 -209
0.770994 -198 -208
0.771994 -198 -196
0.772994 -197 -211
0.773994 -197 -213
0.774994 -197 -205
0.775994 -197 -208
0.776994 -197 -211
0.777994 -196 -205
0.778994 -196 -199
0.779994 -196 -195
0.780994 -196 -200
0.781994 -195 -190
0.782993 -195 -219
0.783993 -195 -222
0.784993 -195 -209
0.785993 -194 -223
0.786993 -194 -194
0.787993 -194 -205
0.788993 -194 -204
0.789993 -193 -191
0.790993 -193 -217
0.791993 -193 -222
0.792993 -192 -204
0.793993 -192 -201
0.794993 -192 -208
0.795993 -191 -199
0.796993 -191 -210
0.797993 -190 -198
0.798993 -190 -197
0.799993 -190 -215
0.800993 -189 -211
0.801993 -189 -202
0.802993 -189 -186
0.803993 -188 -188
0.804993 -188 -216
0.805993 -187 -208
0.806993 -187 -201
0.807993 -186 -205
0.808993 -186 -207
0.809993 -185 -201
0.810993 -185 -214
0.811993 -185 -188
0.812993 -184 -199
0.813993 -184 -203
0.814993 -183 -196
0.815993 -183 -209
0.816993 -182 -207
0.817993 -182 -205
0.818993 -181 -185
0.819993 -180 -179
0.820993 -180 -195
0.821993 -179 -204
0.822993 -179 -194
0.823993 -178 -194
0.824993 -178 -183
0.825993 -177 -200
0.826993 -177 -193
0.827993 -176 -201
0.828993 -175 -177
0.829993 -175 -172
0.830993 -174 -180
0.831993 -174 -188
0.832993 -173 -172
0.833993 -172 -167
0.834993 -172 -179
0.835993 -171 -175
0.836993 -170 -166
0.837993 -170 -155
0.838993 -169 -173
0.839993 -168 -189
0.840993 -168 -158
0.841993 -167 -162
0.842993 -166 -174
0.843993 -166 -166
0.844993 -165 -161
0.845993 -164 -157
0.846993 -163 -167
0.847993 -163 -182
0.848993 -162 -162
0.849993 -161 -163
0.850993 -161 -163
0.851993 -160 -146
0.852993 -159 -168
0.853993 -158 -165
0.854993 -158 -144
0.855993 -157 -167
0.856993 -156 -160
0.857993 -155 -148
0.858993 -154 -165
0.859993 -154 -155
0.860992 -153 -138
0.861992 -152 -165
0.862992 -151 -169
0.863992 -150 -149
0.864992 -150 -163
0.865992 -149 -156
0.866992 -148 -149
0.867992 -147 -143
0.868992 -146 -137
0.869992 -145 -148
0.870992 -144 -148
0.871992 -144 -134
0.872992 -143 -149
0.873992 -142 -159
0.874992 -141 -138
0.875992 -140 -145
0.876992 -139 -126
0.877992 -138 -151
0.878992 -137 -147
0.879992 -136 -131
0.880992 -135 -145
0.881992 -135 -141
0.882992 -134 -140
0.883992 -133 -141
0.884992 -132 -135
0.885992 -131 -133
0.886992 -130 -125
0.887992 -129 -133
0.888992 -128 -122
0.889992 -127 -132
0.890992 -126 -128
0.891992 -125 -128
0.892992 -124 -136
0.893992 -123 -123
0.894992 -122 -130
0.895992 -121 -104
0.896992 -120 -123
0.897992 -119 -108
0.898992 -118 -130
0.899992 -117 -99
0.900992 -116 -120
0.901992 -115 -102
0.902992 -114 -123
0.903992 -113 -99
0.904992 -112 -117
0.905992 -111 -88
0.906992 -110 -120
0.907992 -109 -98
0.908992 -108 -120
0.909992 -107 -98
0.910992 -106 -113
0.911992 -105 -102
0.912992 -103 -111
0.913992 -102 -118
0.914992 -101 -104
0.915992 -100 -100
0.916992 -99 -102
0.917992 -98 -107
0.918992 -97 -76
0.919992 -96 -90
0.920992 -95 -110
0.921992 -94 -90
0.922992 -93 -82
0.923992 -91 -78
0.924992 -90 -80
0.925992 -89 -85
0.926992 -88 -78
0.927992 -87 -90
0.928992 -86 -82
0.929992 -85 -73
0.930992 -84 -84
0.931992 -82 -82
0.932992 -81 -85
0.933992 -80 -85
0.934992 -79 -84
0.935992 -78 -70
0.936992 -77 -75
0.937991 -75 -72
0.938991 -74 -67
0.939991 -73 -76
0.940991 -72 -76
0.941991 -71 -63
0.942991 -70 -67
0.943991 -68 -67
0.944991 -67 -62
0.945991 -66 -51
0.946991 -65 -57
0.947991 -64 -72
0.948991 -63 -79
0.949991 -61 -47
0.950991 -60 -56
0.951991 -59 -53
0.952991 -58 -51
0.953991 -57 -48
0.954991 -55 -61
0.955991 -54 -55
0.956991 -53 -55
0.957991 -52 -48
0.958991 -50 -59
0.959991 -49 -69
0.960991 -48 -58
0.961991 -47 -57
0.962991 -46 -63
0.963991 -44 -66
0.964991 -43 -57
0.965991 -42 -53
0.966991 -41 -55
0.967991 -39 -57
0.968991 -38 -61
0.969991 -37 -49
0.970991 -36 -49
0.971991 -35 -55
0.972991 -33 -57
0.973991 -32 -50
0.974991 -31 -58
0.975991 -30 -58
0.976991 -28 -55
0.977991 -27 -45
0.978991 -26 -36
0.979991 -25 -36
0.980991 -23 -42
0.981991 -22 -37
0.982991 -21 -39
0.983991 -20 -29
0.984991 -18 -26
0.985991 -17 -23
0.986991 -16 -26
0.987991 -15 -21
0.988991 -13 -14
0.989991 -12 -14
0.990991 -11 -11
0.991991 -10 -9
0.992991 -8 -5
0.993991 -7 -5
0.994991 -6 -5
0.995991 -5 -5
0.996991 -3 -4
0.997991 -2 -3
0.998991 -1 0
0.999991 0 0
1.000991 1 2
1.001991 2 2
1.002991 3 2
1.003991 5 5
1.004991 6 5
1.005991 7 5
1.006991 8 4
1.007991 10 3
1.008991 11 3
1.009991 12 0
1.010991 13 0
1.011991 15 0
1.012991 16 0
1.013991 17 0
1.014991 18 0
1.015991 20 1
1.016991 21 1
1.017992 22 1
1.018992 23 1
1.019992 25 1
1.020992 26 3
1.021992 27 3
1.022992 28 7
1.023992 30 7
1.024992 31 6
1.025992 32 5
1.026992 33 5
1.027992 34 6
1.028992 36 6
1.029992 37 10
1.030992 38 12
1.031992 39 18
1.032992 41 19
1.033992 42 19
1.034992 43 26
1.035992 44 24
1.036992 46 30
1.037992 47 33
1.038993 48 30
1.039993 49 35
1.040993 50 52
1.041993 52 44
1.042993 53 56
1.043993 54 45
1.044993 55 50
1.045993 56 48
1.046993 58 57
1.047993 59 54
1.048993 60 44
1.049993 61 57
1.050993 62 58
1.051993 64 60
1.052993 65 46
1.053993 66 68
1.054993 67 55
1.055993 68 66
1.056993 70 54
1.057993 71 51
1.058993 72 65
1.059994 73 67
1.060994 74 74
1.061994 75 72
1.062994 77 82
1.063994 78 64
1.064994 79 80
1.065994 80 82
1.066994 81 80
1.067994 82 84
1.068994 84 92
1.069994 85 75
1.070994 86 86
1.071994 87 84
1.072994 88 89
1.073994 89 81
1.074994 90 96
1.075994 91 87
1.076994 93 96
1.077994 94 76
1.078994 95 91
1.079994 96 96
1.080994 97 85
1.081995 98 91
1.082995 99 81
1.083995 100 96
1.084995 101 96
1.085995 102 74
1.086995 103 91
1.087995 105 103
1.088995 106 90
1.089995 107 93
1.090995 108 89
1.091995 109 102
1.092995 110 96
1.093995 111 103
1.094995 112 101
1.095995 113 81
1.096995 114 90
1.097995 115 99
1.098995 116 100
1.099995 117 116
1.100995 118 104
1.101995 119 108
1.102996 120 105
1.103996 121 126
1.104996 122 92
1.105996 123 110
1.106996 124 92
1.107996 125 114
1.108996 126 101
1.109996 127 114
1.110996 128 123
1.111996 129 119
1.112996 130 118
1.113996 131 122
1.114996 132 112
1.115996 133 121
1.116996 134 109
1.117996 135 133
1.118996 135 115
1.119996 136 132
1.120996 137 136
1.121996 138 136
1.122996 139 136
1.123996 140 143
1.124997 141 143
1.125997 142 129
1.126997 143 138
1.127997 144 128
1.128997 144 151
1.129997 145 146
1.130997 146 133
1.131997 147 153
1.132997 148 154
1.133997 149 155
1.134997 150 156
1.135997 150 135
1.136997 151 149
1.137997 152 160
1.138997 153 139
1.139997 154 158
1.140997 154 156
1.141997 155 134
1.142997 156 160
1.143997 157 154
1.144997 158 134
1.145998 158 155
1.146998 159 152
1.147998 160 172
1.148998 161 150
1.149998 161 143
1.150998 162 152
1.151998 163 153
1.152998 163 160
1.153998 164 156
1.154998 165 151
1.155998 166 146
1.156998 166 164
1.157998 167 168
1.158998 168 155
1.159998 168 172
1.160998 169 167
1.161998 170 146
1.162998 170 157
1.163998 171 170
1.164998 172 171
1.165998 172 157
1.166999 173 183
1.167999 174 187
1.168999 174 183
1.169999 175 171
1.170999 175 178
1.171999 176 179
1.172999 177 185
1.173999 177 176
1.174999 178 190
1.175999 178 192
1.176999 179 181
1.177999 179 164
1.178999 180 170
1.179999 180 186
1.180999 181 186
1.181999 182 165
1.182999 182 167
1.183999 183 177
1.184999 183 197
1.185999 184 170
1.186999 184 164
1.187999 185 183
1.189000 185 193
1.190000 185 176
1.191000 186 172
1.192000 186 195
1.193000 187 186
1.194000 187 187
1.195000 188 188
1.196000 188 179
1.197000 189 186
1.198000 189 196
1.199000 189 200
1.200000 190 203
1.201000 190 194
1.202000 190 187
1.203000 191 186
1.204000 191 210
1.205000 192 212
1.206000 192 210
1.207000 192 207
1.208000 193 196
1.209000 193 189
1.210001 193 204
1.211001 194 202
1.212001 194 211
1.213001 194 217
1.214001 194 207
1.215001 195 214
1.216001 195 195
1.217001 195 190
1.218001 195 222
1.219001 196 213
1.220001 196 202
1.221001 196 218
1.222001 196 208
1.223001 197 212
1.224001 197 190
1.225001 197 190
1.226001 197 217
1.227001 197 198
1.228001 198 212
1.229001 198 219
1.230001 198 194
1.231001 198 215
1.232002 198 187
1.233002 198 203
1.234002 198 201
1.235002 199 200
1.236002 199 212
1.237002 199 208
1.238002 199 203
1.239002 199 216
1.240002 199 198
1.241002 199 199
1.242002 199 217
1.243002 199 215
1.244002 199 208
1.245002 199 213
1.246002 199 205
1.247002 199 220
1.248002 199 191
1.249002 199 193
1.250002 199 215
1.251002 199 209
1.252002 199 213
1.253003 199 223
1.254003 199 189
1.255003 199 214
1.256003 199 199
1.257003 199 189
1.258003 199 215
1.259003 199 208
1.260003 199 209
1.261003 199 215
1.262003 199 193
1.263003 199 203
1.264003 199 191
1.265003 199 183
1.266003 198 202
1.267003 198 206
1.268003 198 201
1.269003 198 198
1.270003 198 178
1.271003 198 190
1.272003 198 203
1.273003 197 204
1.274004 197 204
1.275004 197 202
1.276004 197 179
1.277004 197 188
1.278004 196 211
1.279004 196 209
1.280004 196 206
1.281004 196 208
1.282004 195 184
1.283004 195 176
1.284004 195 200
1.285004 195 198
1.286004 194 212
1.287004 194 208
1.288004 194 179
1.289004 194 189
1.290004 193 203
1.291004 193 211
1.292004 193 205
1.293004 192 211
1.294004 192 196
1.295004 192 200
1.296005 191 188
1.297005 191 189
1.298005 190 208
1.299005 190 205
1.300005 190 214
1.301005 189 201
1.302005 189 181
1.303005 189 182
1.304005 188 209
1.305005 188 216
1.306005 187 204
1.307005 187 205
1.308005 186 201
1.309005 186 197
1.310005 185 187
1.311005 185 186
1.312005 185 203
1.313005 184 196
1.314005 184 183
1.315005 183 184
1.316005 183 194
1.317006 182 184
1.318006 182 188
1.319006 181 191
1.320006 180 166
1.321006 180 167
1.322006 179 181
1.323006 179 202
1.324006 178 159
1.325006 178 164
1.326006 177 184
1.327006 177 170
1.328006 176 161
1.329006 175 160
1.330006 175 188
1.331006 174 186
1.332006 174 171
1.333006 173 153
1.334006 172 175
1.335006 172 177
1.336006 171 151
1.337006 170 154
1.338006 170 180
1.339007 169 168
1.340007 168 160
1.341007 168 186
1.342007 167 171
1.343007 166 170
1.344007 166 163
1.345007 165 165
1.346007 164 165
1.347007 163 159
1.348007 163 175
1.349007 162 168
1.350007 161 149
1.351007 161 157
1.352007 160 157
1.353007 159 149
1.354007 158 172
1.355007 158 163
1.356007 157 139
1.357007 156 175
1.358007 155 167
1.359007 154 163
1.360008 154 164
1.361008 153 163
1.362008 152 146
1.363008 151 145
1.364008 150 168
1.365008 150 166
1.366008 149 164
1.367008 148 162
1.368008 147 143
1.369008 146 152
1.370008 145 154
1.371008 144 161
1.372008 144 161
1.373008 143 153
1.374008 142 134
1.375008 141 155
1.376008 140 153
1.377008 139 145
1.378008 138 151
1.379008 137 155
1.380008 136 143
1.381009 135 150
1.382009 135 138
1.383009 134 141
1.384009 133 142
1.385009 132 144
1.386009 131 150
1.387009 130 163
1.388009 129 133
1.389009 128 138
1.390009 127 125
1.391009 126 140
1.392009 125 140
1.393009 124 131
1.394009 123 158
1.395009 122 128
1.396009 121 137
1.397009 120 127
1.398009 119 139
1.399009 118 130
1.400009 117 125
1.401009 116 125
1.402009 115 123
1.403010 114 128
1.404010 113 123
1.405010 112 126
1.406010 111 124
1.407010 110 119
1.408010 109 108
1.409010 108 115
1.410010 107 114
1.411010 106 118
1.412010 105 106
1.413010 103 112
1.414010 102 116
1.415010 101 118
1.416010 100 110
1.417010 99 107
1.418010 98 100
1.419010 97 89
1.420010 96 107
1.421010 95 91
1.422010 94 103
1.423010 93 105
1.424011 91 86
1.425011 90 101
1.426011 89 99
1.427011 88 93
1.428011 87 90
1.429011 86 83
1.430011 85 96
1.431011 84 89
1.432011 82 84
1.433011 81 88
1.434011 80 94
1.435011 79 86
1.436011 78 85
1.437011 77 67
1.438011 75 86
1.439011 74 81
1.440011 73 68
1.441011 72 76
1.442011 71 91
1.443011 70 61
1.444011 68 70
1.445011 67 83
1.446012 66 63
1.447012 65 70
1.448012 64 72
1.449012 62 75
1.450012 61 60
1.451012 60 63
1.452012 59 61
1.453012 58 50
1.454012 56 57
1.455012 55 60
1.456012 54 56
1.457012 53 39
1.458012 52 53
1.459012 50 58
1.460012 49 50
1.461012 48 48
1.462012 47 34
1.463012 46 40
1.464012 44 46
1.465012 43 37
1.466012 42 38
1.467013 41 33
1.468013 39 28
1.469013 38 29
1.470013 37 32
1.471013 36 25
1.472013 34 30
1.473013 33 30
1.474013 32 22
1.475013 31 25
1.476013 30 29
1.477013 28 17
1.478013 27 18
1.479013 26 19
1.480013 25 21
1.481013 23 20
1.482013 22 25
1.483013 21 26
1.484013 20 19
1.485013 18 18
1.486013 17 18
1.487013 16 18
1.488014 15 18
1.489014 13 16
1.490014 12 16
1.491014 11 18
1.492014 10 19
1.493014 8 23
1.494014 7 20
1.495014 6 20
1.496014 5 21
1.497014 3 18
1.498014 2 17
1.499014 1 20
1.500014 0 21
1.501014 -1 16
1.502014 -2 17
1.503014 -3 17
1.504014 -5 17
1.505014 -6 15
1.506014 -7 17
1.507014 -8 10
1.508014 -10 10
1.509014 -11 7
1.510015 -12 0
1.511015 -13 0
1.512015 -15 0
1.513015 -16 0
1.514015 -17 0
1.515015 -18 0
1.516015 -20 0
1.517015 -21 0
1.518015 -22 -1
1.519015 -23 -1
1.520015 -25 -7
1.521015 -26 -13
1.522015 -27 -18
1.523015 -28 -18
1.524015 -30 -15
1.525015 -31 -21
1.526015 -32 -22
1.527015 -33 -23
1.528015 -35 -25
1.529015 -36 -24
1.530015 -37 -24
1.531016 -38 -21
1.532016 -39 -25
1.533016 -41 -24
1.534016 -42 -22
1.535016 -43 -29
1.536016 -44 -30
1.537016 -46 -27
1.538016 -47 -34
1.539016 -48 -35
1.540016 -49 -43
1.541016 -50 -35
1.542016 -52 -47
1.543016 -53 -48
1.544016 -54 -50
1.545016 -55 -56
1.546016 -57 -47
1.547016 -58 -47
1.548016 -59 -55
1.549016 -60 -65
1.550016 -61 -63
1.551016 -63 -60
1.552016 -64 -56
1.553017 -65 -63
1.554017 -66 -65
1.555017 -67 -70
1.556017 -68 -65
1.557017 -70 -66
1.558017 -71 -62
1.559017 -72 -68
1.560017 -73 -73
1.561017 -74 -65
1.562017 -75 -68
1.563017 -77 -82
1.564017 -78 -79
1.565017 -79 -77
1.566017 -80 -79
1.567017 -81 -74
1.568017 -82 -67
1.569017 -84 -72
1.570017 -85 -74
1.571017 -86 -69
1.572017 -87 -81
1.573017 -88 -86
1.574018 -89 -76
1.575018 -90 -89
1.576018 -91 -80
1.577018 -93 -95
1.578018 -94 -99
1.579018 -95 -75
1.580018 -96 -83
1.581018 -97 -92
1.582018 -98 -95
1.583018 -99 -95
1.584018 -100 -83
1.585018 -101 -100
1.586018 -102 -107
1.587018 -103 -113
1.588018 -105 -109
1.589018 -106 -107
1.590018 -107 -118
1.591018 -108 -103
1.592018 -109 -107
1.593018 -110 -100
1.594018 -111 -116
1.595019 -112 -89
1.596019 -113 -121
1.597019 -114 -101
1.598019 -115 -123
1.599019 -116 -108
1.600019 -117 -120
1.601019 -118 -106
1.602019 -119 -120
1.603019 -120 -109
1.604019 -121 -129
1.605019 -122 -120
1.606019 -123 -131
1.607019 -124 -134
1.608019 -125 -136
1.609019 -126 -132
1.610019 -127 -138
1.611019 -128 -133
1.612019 -129 -133
1.613019 -130 -139
1.614019 -131 -117
1.615019 -132 -129
1.616019 -133 -120
1.617020 -134 -144
1.618020 -135 -133
1.619020 -136 -129
1.620020 -136 -139
1.621020 -137 -125
1.622020 -138 -139
1.623020 -139 -119
1.624020 -140 -137
1.625020 -141 -141
1.626020 -142 -137
1.627020 -143 -136
1.628020 -144 -143
1.629020 -144 -140
1.630020 -145 -117
1.631020 -146 -142
1.632020 -147 -136
1.633020 -148 -133
1.634020 -149 -143
1.635020 -150 -123
1.636020 -150 -141
1.637020 -151 -148
1.638021 -152 -146
1.639021 -153 -145
1.640021 -154 -143
1.641021 -154 -148
1.642021 -155 -132
1.643021 -156 -153
1.644021 -157 -150
1.645021 -158 -131
1.646021 -158 -157
1.647021 -159 -142
1.648021 -160 -149
1.649021 -161 -172
1.650021 -161 -164
1.651021 -162 -145
1.652021 -163 -164
1.653021 -164 -165
1.654021 -164 -154
1.655021 -165 -160
1.656021 -166 -174
1.657021 -166 -157
1.658021 -167 -175
1.659021 -168 -175
1.660022 -168 -152
1.661022 -169 -161
1.662022 -170 -183
1.663022 -170 -177
1.664022 -171 -163
1.665022 -172 -166
1.666022 -172 -176
1.667022 -173 -181
1.668022 -174 -158
1.669022 -174 -172
1.670022 -175 -175
1.671022 -175 -175
1.672022 -176 -174
1.673022 -177 -178
1.674022 -177 -180
1.675022 -178 -179
1.676022 -178 -181
1.677022 -179 -178
1.678022 -179 -183
1.679022 -180 -167
1.680022 -180 -185
1.681023 -181 -193
1.682023 -182 -183
1.683023 -182 -177
1.684023 -183 -181
1.685023 -183 -189
1.686023 -184 -186
1.687023 -184 -172
1.688023 -185 -177
1.689023 -185 -190
1.690023 -185 -178
1.691023 -186 -183
1.692023 -186 -182
1.693023 -187 -196
1.694023 -187 -199
1.695023 -188 -189
1.696023 -188 -178
1.697023 -189 -187
1.698023 -189 -202
1.699023 -189 -201
1.700023 -190 -200
1.701023 -190 -209
1.702024 -190 -185
1.703024 -191 -189
1.704024 -191 -201
1.705024 -192 -200
1.706024 -192 -207
1.707024 -192 -192
1.708024 -193 -180
1.709024 -193 -193
1.710024 -193 -207
1.711024 -194 -201
1.712024 -194 -195
1.713024 -194 -195
1.714024 -194 -176
1.715024 -195 -173
1.716024 -195 -195
1.717024 -195 -194
1.718024 -195 -197
1.719024 -196 -198
1.720024 -196 -186
1.721024 -196 -186
1.722024 -196 -190
1.723024 -197 -194
1.724025 -197 -174
1.725025 -197 -172
1.726025 -197 -197
1.727025 -197 -196
1.728025 -198 -191
1.729025 -198 -198
1.730025 -198 -171
1.731025 -198 -176
1.732025 -198 -197
1.733025 -198 -202
1.734025 -198 -197
1.735025 -199 -195
1.736025 -199 -183
1.737025 -199 -187
1.738025 -199 -200
1.739025 -199 -210
1.740025 -199 -205
1.741025 -199 -220
1.742025 -199 -204
1.743025 -199 -207
1.744025 -199 -202
1.745026 -199 -201
1.746026 -199 -228
1.747026 -199 -206
1.748026 -199 -225
1.749026 -199 -221
1.750026 -199 -216
1.751026 -199 -227
1.752026 -199 -218
1.753026 -199 -220
1.754026 -199 -204
1.755026 -199 -197
1.756026 -199 -205
1.757026 -199 -199
1.758026 -199 -215
1.759026 -199 -217
1.760026 -199 -205
1.761026 -199 -205
1.762026 -199 -210
1.763026 -199 -212
1.764026 -199 -190
1.765026 -199 -185
1.766026 -198 -211
1.767027 -198 -211
1.768027 -198 -207
1.769027 -198 -198
1.770027 -198 -179
1.771027 -198 -184
1.772027 -198 -202
1.773027 -197 -205
1.774027 -197 -196
1.775027 -197 -198
1.776027 -197 -177
1.777027 -197 -174
1.778027 -196 -195
1.779027 -196 -198
1.780027 -196 -207
1.781027 -196 -199
1.782027 -195 -187
1.783027 -195 -192
1.784027 -195 -209
1.785027 -195 -209
1.786027 -194 -210
1.787027 -194 -203
1.788028 -194 -188
1.789028 -194 -191
1.790028 -193 -207
1.791028 -193 -206
1.792028 -193 -210
1.793028 -192 -216
1.794028 -192 -215
1.795028 -192 -198
1.796028 -191 -203
1.797028 -191 -196
1.798028 -190 -200
1.799028 -190 -213
1.800028 -190 -210
1.801028 -189 -200
1.802028 -189 -186
1.803028 -189 -189
1.804028 -188 -195
1.805028 -188 -189
1.806028 -187 -210
1.807028 -187 -214
1.808028 -186 -201
1.809029 -186 -196
1.810029 -185 -186
1.811029 -185 -183
1.812029 -185 -210
1.813029 -184 -197
1.814029 -184 -199
1.815029 -183 -188
1.816029 -183 -179
1.817029 -182 -183
1.818029 -182 -194
1.819029 -181 -194
1.820029 -180 -185
1.821029 -180 -186
1.822029 -179 -195
1.823029 -179 -195
1.824029 -178 -194
1.825029 -178 -199
1.826029 -177 -172
1.827029 -177 -174
1.828029 -176 -197
1.829029 -175 -194
1.830029 -175 -197
1.831030 -174 -188
1.832030 -174 -192
1.833030 -173 -189
1.834030 -172 -192
1.835030 -172 -181
1.836030 -171 -169
1.837030 -170 -166
1.838030 -170 -191
1.839030 -169 -189
1.840030 -168 -168
1.841030 -168 -156
1.842030 -167 -184
1.843030 -166 -176
1.844030 -166 -153
1.845030 -165 -156
1.846030 -164 -175
1.847030 -163 -181
1.848030 -163 -151
1.849030 -162 -157
1.850030 -161 -183
1.851030 -161 -178
1.852031 -160 -158
1.853031 -159 -169
1.854031 -158 -173
1.855031 -158 -172
1.856031 -157 -177
1.857031 -156 -182
1.858031 -155 -172
1.859031 -154 -158
1.860031 -154 -183
1.861031 -153 -174
1.862031 -152 -149
1.863031 -151 -159
1.864031 -150 -161
1.865031 -149 -156
1.866031 -149 -163
1.867031 -148 -161
1.868031 -147 -149
1.869031 -146 -149
1.870031 -145 -159
1.871031 -144 -152
1.872031 -144 -157
1.873031 -143 -148
1.874032 -142 -126
1.875032 -141 -145
1.876032 -140 -129
1.877032 -139 -144
1.878032 -138 -137
1.879032 -137 -123
1.880032 -136 -137
1.881032 -135 -117
1.882032 -135 -129
1.883032 -134 -121
1.884032 -133 -131
1.885032 -132 -124
1.886032 -131 -127
1.887032 -130 -125
1.888032 -129 -132
1.889032 -128 -129
1.890032 -127 -136
1.891032 -126 -131
1.892032 -125 -118
1.893032 -124 -133
1.894032 -123 -112
1.895033 -122 -121
1.896033 -121 -101
1.897033 -120 -126
1.898033 -119 -98
1.899033 -118 -118
1.900033 -117 -101
1.901033 -116 -124
1.902033 -115 -91
1.903033 -114 -118
1.904033 -113 -90
1.905033 -112 -123
1.906033 -111 -104
1.907033 -110 -118
1.908033 -109 -105
1.909033 -108 -113
1.910033 -107 -111
1.911033 -106 -109
1.912033 -104 -110
1.913033 -103 -107
1.914033 -102 -111
1.915033 -101 -110
1.916034 -100 -98
1.917034 -99 -93
1.918034 -98 -100
1.919034 -97 -84
1.920034 -96 -110
1.921034 -95 -112
1.922034 -94 -83
1.923034 -92 -98
1.924034 -91 -94
1.925034 -90 -93
1.926034 -89 -89
1.927034 -88 -77
1.928034 -87 -90
1.929034 -86 -85
1.930034 -85 -85
1.931034 -83 -88
1.932034 -82 -84
1.933034 -81 -90
1.934034 -80 -93
1.935034 -79 -68
1.936034 -78 -92
1.937034 -77 -95
1.938035 -75 -68
1.939035 -74 -80
1.940035 -73 -74
1.941035 -72 -69
1.942035 -71 -77
1.943035 -70 -84
1.944035 -68 -58
1.945035 -67 -77
1.946035 -66 -65
1.947035 -65 -68
1.948035 -64 -60
1.949035 -62 -66
1.950035 -61 -72
1.951035 -60 -51
1.952035 -59 -64
1.953035 -58 -65
1.954035 -56 -61
1.955035 -55 -58
1.956035 -54 -64
1.957035 -53 -64
1.958035 -52 -68
1.959036 -50 -67
1.960036 -49 -60
1.961036 -48 -53
1.962036 -47 -52
1.963036 -46 -58
1.964036 -44 -52
1.965036 -43 -55
1.966036 -42 -51
1.967036 -41 -49
1.968036 -39 -57
1.969036 -38 -61
1.970036 -37 -61
1.971036 -36 -41
1.972036 -34 -61
1.973036 -33 -52
1.974036 -32 -46
1.975036 -31 -47
1.976036 -30 -49
1.977036 -28 -48
1.978036 -27 -49
1.979036 -26 -41
1.980036 -25 -44
1.981037 -23 -51
1.982037 -22 -40
1.983037 -21 -38
1.984037 -20 -39
1.985037 -18 -30
1.986037 -17 -28
1.987037 -16 -19
1.988037 -15 -19
1.989037 -13 -25
1.990037 -12 -21
1.991037 -11 -19
1.992037 -10 -19
1.993037 -8 -15
1.994037 -7 -15
1.995037 -6 -10
1.996037 -4 -10
1.997037 -3 -6
1.998037 -2 -6
1.999037 -1 -6
2.000037 0 -5
2.001037 1 -4
2.002037 2 0
2.003037 3 0
2.004037 5 0
2.005037 6 0
2.006037 7 0
2.007037 8 0
2.008037 10 1
2.009037 11 16
2.010037 12 23
2.011037 13 24
2.012037 15 24
2.013036 16 21
2.014036 17 18
2.015036 18 25
2.016036 20 24
2.017036 21 29
2.018036 22 24
2.019036 23 27
2.020036 25 23
2.021036 26 23
2.022036 27 21
2.023036 28 19
2.024036 30 16
2.025036 31 23
2.026036 32 26
2.027035 33 22
2.028035 35 27
2.029035 36 31
2.030035 37 35
2.031035 38 31
2.032035 39 31
2.033035 41 43
2.034035 42 43
2.035035 43 53
2.036035 44 40
2.037035 46 45
2.038035 47 47
2.039035 48 53
2.040035 49 58
2.041034 50 57
2.042034 52 51
2.043034 53 61
2.044034 54 66
2.045034 55 56
2.046034 57 64
2.047034 58 70
2.048034 59 64
2.049034 60 53
2.050034 61 67
2.051034 63 70
2.052034 64 65
2.053034 65 67
2.054034 66 60
2.055033 67 69
2.056033 68 68
2.057033 70 77
2.058033 71 73
2.059033 72 77
2.060033 73 70
2.061033 74 74
2.062033 75 73
2.063033 77 56
2.064033 78 72
2.065033 79 71
2.066033 80 75
2.067033 81 75
2.068033 82 76
2.069032 84 76
2.070032 85 68
2.071032 86 74
2.072032 87 81
2.073032 88 69
2.074032 89 69
2.075032 90 76
2.076032 91 69
2.077032 93 80
2.078032 94 83
2.079032 95 62
2.080032 96 90
2.081032 97 80
2.082031 98 76
2.083031 99 91
2.084031 100 86
2.085031 101 89
2.086031 102 94
2.087031 103 81
2.088031 105 91
2.089031 106 91
2.090031 107 91
2.091031 108 93
2.092031 109 96
2.093031 110 97
2.094031 111 108
2.095031 112 95
2.096030 113 97
2.097030 114 89
2.098030 115 103
2.099030 116 98
2.100030 117 114
2.101030 118 120
2.102030 119 91
2.103030 120 111
2.104030 121 108
2.105030 122 111
2.106030 123 128
2.107030 124 113
2.108030 125 121
2.109030 126 121
2.110029 127 128
2.111029 128 127
2.112029 129 126
2.113029 130 138
2.114029 131 131
2.115029 132 136
2.116029 133 134
2.117029 134 121
2.118029 135 138
2.119029 136 134
2.120029 136 137
2.121029 137 141
2.122029 138 132
2.123029 139 137
2.124028 140 144
2.125028 141 142
2.126028 142 147
2.127028 143 126
2.128028 144 143
2.129028 144 146
2.130028 145 138
2.131028 146 154
2.132028 147 153
2.133028 148 147
2.134028 149 146
2.135028 150 133
2.136028 150 154
2.137028 151 156
2.138027 152 130
2.139027 153 161
2.140027 154 164
2.141027 154 159
2.142027 155 154
2.143027 156 157
2.144027 157 143
2.145027 158 170
2.146027 158 162
2.147027 159 152
2.148027 160 164
2.149027 161 169
2.150027 161 153
2.151026 162 168
2.152026 163 166
2.153026 164 156
2.154026 164 172
2.155026 165 167
2.156026 166 176
2.157026 166 160
2.158026 167 171
2.159026 168 175
2.160026 168 164
2.161026 169 181
2.162026 170 168
2.163026 170 180
2.164026 171 159
2.165025 172 168
2.166025 172 158
2.167025 173 143
2.168025 174 171
2.169025 174 172
2.170025 175 150
2.171025 175 162
2.172025 176 171
2.173025 177 149
2.174025 177 151
2.175025 178 169
2.176025 178 162
2.177025 179 155
2.178025 179 156
2.179024 180 148
2.180024 180 149
2.181024 181 165
2.182024 182 165
2.183024 182 159
2.184024 183 173
2.185024 183 172
2.186024 184 140
2.187024 184 177
2.188024 185 174
2.189024 185 161
2.190024 185 168
2.191024 186 175
2.192024 186 149
2.193023 187 164
2.194023 187 182
2.195023 188 179
2.196023 188 173
2.197023 189 158
2.198023 189 181
2.199023 189 194
2.200023 190 193
2.201023 190 168
2.202023 190 182
2.203023 191 183
2.204023 191 200
2.205023 192 204
2.206023 192 201
2.207022 192 178
2.208022 193 178
2.209022 193 207
2.210022 193 207
2.211022 194 215
2.212022 194 212
2.213022 194 203
2.214022 194 207
2.215022 195 189
2.216022 195 192
2.217022 195 221
2.218022 195 207
2.219022 196 222
2.220021 196 220
2.221021 196 224
2.222021 196 219
2.223021 197 208
2.224021 197 219
2.225021 197 209
2.226021 197 204
2.227021 197 210
2.228021 198 210
2.229021 198 220
2.230021 198 218
2.231021 198 223
2.232021 198 209
2.233021 198 223
2.234020 198 213
2.235020 199 193
2.236020 199 206
2.237020 199 198
2.238020 199 188
2.239020 199 226
2.240020 199 220
2.241020 199 215
2.242020 199 226
2.243020 199 212
2.244020 199 217
2.245020 199 194
2.246020 199 201
2.247020 199 210
2.248019 199 195
2.249019 199 221
2.250019 199 212
2.251019 199 209
2.252019 199 214
2.253019 199 194
2.254019 199 198
2.255019 199 189
2.256019 199 188
2.257019 199 214
2.258019 199 205
2.259019 199 211
2.260019 199 204
2.261019 199 181
2.262018 199 192
2.263018 199 204
2.264018 199 203
2.265018 199 214
2.266018 198 196
2.267018 198 185
2.268018 198 181
2.269018 198 196
2.270018 198 202
2.271018 198 193
2.272018 198 197
2.273018 197 186
2.274018 197 181
2.275017 197 193
2.276017 197 204
2.277017 197 182
2.278017 196 183
2.279017 196 191
2.280017 196 186
2.281017 196 182
2.282017 195 191
2.283017 195 167
2.284017 195 177
2.285017 195 193
2.286017 194 204
2.287017 194 192
2.288017 194 194
2.289016 194 192
2.290016 193 195
2.291016 193 204
2.292016 193 196
2.293016 192 165
2.294016 192 174
2.295016 192 196
2.296016 191 191
2.297016 191 192
2.298016 190 192
2.299016 190 188
2.300016 190 197
2.301016 189 195
2.302016 189 195
2.303015 189 191
2.304015 188 189
2.305015 188 197
2.306015 187 209
2.307015 187 201
2.308015 186 208
2.309015 186 193
2.310015 185 207
2.311015 185 186
2.312015 185 189
2.313015 184 204
2.314015 184 204
2.315015 183 203
2.316015 183 207
2.317014 182 183
2.318014 182 181
2.319014 181 207
2.320014 180 205
2.321014 180 204
2.322014 179 202
2.323014 179 167
2.324014 178 174
2.325014 178 194
2.326014 177 189
2.327014 177 192
2.328014 176 193
2.329014 175 188
2.330014 175 186
2.331013 174 191
2.332013 174 186
2.333013 173 163
2.334013 172 177
2.335013 172 180
2.336013 171 169
2.337013 170 161
2.338013 170 170
2.339013 169 176
2.340013 168 174
2.341013 168 166
2.342013 167 165
2.343013 166 164
2.344012 166 149
2.345012 165 164
2.346012 164 161
2.347012 163 151
2.348012 163 159
2.349012 162 153
2.350012 161 143
2.351012 161 150
2.352012 160 152
2.353012 159 156
2.354012 158 150
2.355012 158 129
2.356012 157 163
2.357012 156 153
2.358011 155 130
2.359011 154 146
2.360011 154 147
2.361011 153 137
2.362011 152 142
2.363011 151 126
2.364011 150 134
2.365011 150 155
2.366011 149 126
2.367011 148 141
2.368011 147 136
2.369011 146 148
2.370011 145 149
2.371011 144 147
2.372010 144 155
2.373010 143 122
2.374010 142 140
2.375010 141 160
2.376010 140 135
2.377010 139 150
2.378010 138 165
2.379010 137 162
2.380010 136 157
2.381010 135 137
2.382010 135 162
2.383010 134 154
2.384010 133 149
2.385010 132 163
2.386009 131 160
2.387009 130 143
2.388009 129 167
2.389009 128 160
2.390009 127 150
2.391009 126 168
2.392009 125 153
2.393009 124 141
2.394009 123 148
2.395009 122 147
2.396009 121 135
2.397009 120 151
2.398009 119 131
2.399009 118 144
2.400008 117 144
2.401008 116 138
2.402008 115 136
2.403008 114 127
2.404008 113 130
2.405008 112 113
2.406008 111 133
2.407008 110 117
2.408008 109 122
2.409008 108 108
2.410008 107 110
2.411008 106 99
2.412008 105 128
2.413007 103 99
2.414007 102 102
2.415007 101 95
2.416007 100 110
2.417007 99 99
2.418007 98 102
2.419007 97 101
2.420007 96 111
2.421007 95 108
2.422007 94 96
2.423007 93 92
2.424007 91 85
2.425007 90 94
2.426007 89 88
2.427006 88 77
2.428006 87 84
2.429006 86 92
2.430006 85 89
2.431006 84 85
2.432006 82 77
2.433006 81 93
2.434006 80 94
2.435006 79 84
2.436006 78 93
2.437006 77 91
2.438006 75 79
2.439006 74 83
2.440006 73 80
2.441005 72 66
2.442005 71 77
2.443005 70 75
2.444005 68 56
2.445005 67 68
2.446005 66 73
2.447005 65 67
2.448005 64 71
2.449005 62 73
2.450005 61 73
2.451005 60 62
2.452005 59 65
2.453005 58 69
2.454005 56 59
2.455004 55 61
2.456004 54 59
2.457004 53 62
2.458004 52 49
2.459004 50 60
2.460004 49 64
2.461004 48 56
2.462004 47 60
2.463004 46 60
2.464004 44 55
2.465004 43 55
2.466004 42 43
2.467004 41 39
2.468004 39 53
2.469003 38 39
2.470003 37 44
2.471003 36 44
2.472003 35 51
2.473003 33 42
2.474003 32 47
2.475003 31 46
2.476003 30 38
2.477003 28 31
2.478003 27 51
2.479003 26 37
2.480003 25 39
2.481003 23 35
2.482002 22 30
2.483002 21 29
2.484002 20 23
2.485002 18 30
2.486002 17 24
2.487002 16 22
2.488002 15 23
2.489002 13 18
2.490002 12 18
2.491002 11 21
2.492002 10 18
2.493002 8 19
2.494002 7 16
2.495002 6 16
2.496001 5 11
2.497001 3 18
2.498001 2 14
2.499001 1 15
2.500001 0 8
2.501001 -1 8
2.502001 -2 7
2.503001 -3 5
2.504001 -5 5
2.505001 -6 5
2.506001 -7 4
2.507001 -8 4
2.508001 -10 3
2.509001 -11 0
2.510000 -12 0
2.511000 -13 -2
2.512000 -15 -18
2.513000 -16 -21
2.514000 -17 -18
2.515000 -18 -21
2.516000 -20 -27
2.517000 -21 -27
2.518000 -22 -29
2.519000 -23 -29
2.520000 -25 -34
2.521000 -26 -33
2.522000 -27 -31
2.523000 -28 -26
2.523999 -30 -30
2.524999 -31 -34
2.525999 -32 -30
2.526999 -33 -29
2.527999 -35 -44
2.528999 -36 -30
2.529999 -37 -36
2.530999 -38 -38
2.531999 -39 -39
2.532999 -41 -40
2.533999 -42 -40
2.534999 -43 -33
2.535999 -44 -33
2.536999 -46 -39
2.537998 -47 -41
2.538998 -48 -52
2.539998 -49 -48
2.540998 -50 -38
2.541998 -52 -51
2.542998 -53 -55
2.543998 -54 -54
2.544998 -55 -51
2.545998 -57 -43
2.546998 -58 -67
2.547998 -59 -55
2.548998 -60 -52
2.549998 -61 -42
2.550997 -62 -60
2.551997 -64 -55
2.552997 -65 -66
2.553997 -66 -51
2.554997 -67 -61
2.555997 -68 -62
2.556997 -70 -56
2.557997 -71 -54
2.558997 -72 -68
2.559997 -73 -68
2.560997 -74 -63
2.561997 -75 -74
2.562997 -77 -68
2.563997 -78 -74
2.564996 -79 -57
2.565996 -80 -68
2.566996 -81 -73
2.567996 -82 -61
2.568996 -84 -73
2.569996 -85 -80
2.570996 -86 -76
2.571996 -87 -87
2.572996 -88 -91
2.573996 -89 -74
2.574996 -90 -89
2.575996 -91 -91
2.576996 -93 -85
2.577996 -94 -108
2.578995 -95 -89
2.579995 -96 -101
2.580995 -97 -104
2.581995 -98 -98
2.582995 -99 -107
2.583995 -100 -96
2.584995 -101 -101
2.585995 -102 -86
2.586995 -103 -104
2.587995 -105 -111
2.588995 -106 -93
2.589995 -107 -106
2.590995 -108 -92
2.591995 -109 -114
2.592994 -110 -92
2.593994 -111 -107
2.594994 -112 -102
2.595994 -113 -123
2.596994 -114 -122
2.597994 -115 -116
2.598994 -116 -115
2.599994 -117 -113
2.600994 -118 -122
2.601994 -119 -124
2.602994 -120 -117
2.603994 -121 -123
2.604994 -122 -113
2.605994 -123 -127
2.606993 -124 -124
2.607993 -125 -116
2.608993 -126 -123
2.609993 -127 -127
2.610993 -128 -120
2.611993 -129 -134
2.612993 -130 -128
2.613993 -131 -129
2.614993 -132 -129
2.615993 -133 -115
2.616993 -134 -117
2.617993 -135 -134
2.618993 -135 -107
2.619992 -136 -128
2.620992 -137 -116
2.621992 -138 -136
2.622992 -139 -131
2.623992 -140 -129
2.624992 -141 -128
2.625992 -142 -115
2.626992 -143 -136
2.627992 -144 -131
2.628992 -144 -137
2.629992 -145 -143
2.630992 -146 -149
2.631992 -147 -149
2.632992 -148 -134
2.633991 -149 -160
2.634991 -150 -157
2.635991 -150 -135
2.636991 -151 -170
2.637991 -152 -149
2.638991 -153 -161
2.639991 -154 -160
2.640991 -154 -150
2.641991 -155 -139
2.642991 -156 -158
2.643991 -157 -156
2.644991 -158 -168
2.645991 -158 -167
2.646991 -159 -152
2.647990 -160 -148
2.648990 -161 -174
2.649990 -161 -174
2.650990 -162 -165
2.651990 -163 -176
2.652990 -163 -170
2.653990 -164 -167
2.654990 -165 -179
2.655990 -166 -184
2.656990 -166 -179
2.657990 -167 -164
2.658990 -168 -190
2.659990 -168 -187
2.660990 -169 -186
2.661989 -170 -173
2.662989 -170 -186
2.663989 -171 -188
2.664989 -172 -182
2.665989 -172 -186
2.666989 -173 -177
2.667989 -174 -186
2.668989 -174 -181
2.669989 -175 -195
2.670989 -175 -168
2.671989 -176 -183
2.672989 -177 -180
2.673989 -177 -183
2.674989 -178 -161
2.675988 -178 -174
2.676988 -179 -170
2.677988 -179 -182
2.678988 -180 -161
2.679988 -180 -183
2.680988 -181 -164
2.681988 -182 -194
2.682988 -182 -171
2.683988 -183 -183
2.684988 -183 -178
2.685988 -184 -187
2.686988 -184 -168
2.687988 -185 -181
2.688987 -185 -180
2.689987 -185 -187
2.690987 -186 -171
2.691987 -186 -181
2.692987 -187 -179
2.693987 -187 -186
2.694987 -188 -177
2.695987 -188 -176
2.696987 -189 -182
2.697987 -189 -177
2.698987 -189 -179
2.699987 -190 -175
2.700987 -190 -181
2.701987 -190 -182
2.702986 -191 -162
2.703986 -191 -177
2.704986 -192 -194
2.705986 -192 -194
2.706986 -192 -189
2.707986 -193 -181
2.708986 -193 -191
2.709986 -193 -200
2.710986 -194 -202
2.711986 -194 -182
2.712986 -194 -181
2.713986 -194 -169
2.714986 -195 -198
2.715986 -195 -185
2.716985 -195 -204
2.717985 -195 -183
2.718985 -196 -189
2.719985 -196 -196
2.720985 -196 -195
2.721985 -196 -195
2.722985 -197 -190
2.723985 -197 -174
2.724985 -197 -198
2.725985 -197 -197
2.726985 -197 -194
2.727985 -198 -210
2.728985 -198 -178
2.729985 -198 -180
2.730984 -198 -212
2.731984 -198 -201
2.732984 -198 -194
2.733984 -198 -199
2.734984 -199 -172
2.735984 -199 -175
2.736984 -199 -200
2.737984 -199 -198
2.738984 -199 -200
2.739984 -199 -217
2.740984 -199 -195
2.741984 -199 -181
2.742984 -199 -211
2.743984 -199 -212
2.744983 -199 -200
2.745983 -199 -209
2.746983 -199 -196
2.747983 -199 -200
2.748983 -199 -192
2.749983 -199 -183
2.750983 -199 -212
2.751983 -199 -205
2.752983 -199 -210
2.753983 -199 -210
2.754983 -199 -196
2.755983 -199 -191
2.756983 -199 -219
2.757982 -199 -224
2.758982 -199 -210
2.759982 -199 -216
2.760982 -199 -219
2.761982 -199 -218
2.762982 -199 -205
2.763982 -199 -200
2.764982 -199 -213
2.765982 -198 -195
2.766982 -198 -217
2.767982 -198 -220
2.768982 -198 -219
2.769982 -198 -210
2.770982 -198 -210
2.771981 -198 -220
2.772981 -197 -196
2.773981 -197 -208
2.774981 -197 -219
2.775981 -197 -201
2.776981 -197 -232
2.777981 -196 -213
2.778981 -196 -214
2.779981 -196 -220
2.780981 -196 -203
2.781981 -195 -208
2.782981 -195 -198
2.783981 -195 -189
2.784981 -195 -200
2.785980 -194 -211
2.786980 -194 -201
2.787980 -194 -215
2.788980 -194 -189
2.789980 -193 -195
2.790980 -193 -207
2.791980 -193 -192
2.792980 -192 -212
2.793980 -192 -204
2.794980 -192 -214
2.795980 -191 -207
2.796980 -191 -187
2.797980 -190 -191
2.798980 -190 -209
2.799979 -190 -213
2.800979 -189 -213
2.801979 -189 -212
2.802979 -189 -200
2.803979 -188 -195
2.804979 -188 -199
2.805979 -187 -189
2.806979 -187 -215
2.807979 -186 -210
2.808979 -186 -205
2.809979 -185 -204
2.810979 -185 -186
2.811979 -185 -178
2.812979 -184 -205
2.813978 -184 -210
2.814978 -183 -203
2.815978 -183 -197
2.816978 -182 -182
2.817978 -182 -167
2.818978 -181 -205
2.819978 -180 -196
2.820978 -180 -194
2.821978 -179 -203
2.822978 -179 -182
2.823978 -178 -182
2.824978 -178 -206
2.825978 -177 -193
2.826977 -177 -191
2.827977 -176 -172
2.828977 -175 -196
2.829977 -175 -195
2.830977 -174 -194
2.831977 -174 -192
2.832977 -173 -179
2.833977 -172 -173
2.834977 -172 -189
2.835977 -171 -183
2.836977 -170 -172
2.837977 -170 -158
2.838977 -169 -191
2.839977 -168 -179
2.840976 -168 -174
2.841976 -167 -167
2.842976 -166 -183
2.843976 -166 -184
2.844976 -165 -179
2.845976 -164 -164
2.846976 -164 -178
2.847976 -163 -175
2.848976 -162 -164
2.849976 -161 -153
2.850976 -161 -171
2.851976 -160 -171
2.852976 -159 -158
2.853976 -158 -185
2.854975 -158 -165
2.855975 -157 -172
2.856975 -156 -171
2.857975 -155 -171
2.858975 -154 -148
2.859975 -154 -160
2.860975 -153 -160
2.861975 -152 -166
2.862975 -151 -176
2.863975 -150 -163
2.864975 -150 -159
2.865975 -149 -130
2.866975 -148 -154
2.867975 -147 -160
2.868974 -146 -149
2.869974 -145 -146
2.870974 -144 -133
2.871974 -144 -151
2.872974 -143 -143
2.873974 -142 -134
2.874974 -141 -133
2.875974 -140 -117
2.876974 -139 -139
2.877974 -138 -132
2.878974 -137 -130
2.879974 -136 -144
2.880974 -136 -132
2.881974 -135 -126
2.882973 -134 -124
2.883973 -133 -130
2.884973 -132 -123
2.885973 -131 -132
2.886973 -130 -109
2.887973 -129 -141
2.888973 -128 -117
2.889973 -127 -134
2.890973 -126 -133
2.891973 -125 -128
2.892973 -124 -127
2.893973 -123 -124
2.894973 -122 -138
2.895972 -121 -125
2.896972 -120 -134
2.897972 -119 -139
2.898972 -118 -141
2.899972 -117 -130
2.900972 -116 -139
2.901972 -115 -131
2.902972 -114 -137
2.903972 -113 -128
2.904972 -112 -118
2.905972 -111 -128
2.906972 -110 -107
2.907972 -109 -120
2.908972 -108 -107
2.909971 -107 -117
2.910971 -106 -110
2.911971 -105 -117
2.912971 -103 -106
2.913971 -102 -108
2.914971 -101 -101
2.915971 -100 -104
2.916971 -99 -107
2.917971 -98 -98
2.918971 -97 -117
2.919971 -96 -95
2.920971 -95 -105
2.921971 -94 -81
2.922971 -93 -93
2.923970 -91 -94
2.924970 -90 -77
2.925970 -89 -85
2.926970 -88 -95
2.927970 -87 -82
2.928970 -86 -93
2.929970 -85 -76
2.930970 -84 -93
2.931970 -82 -91
2.932970 -81 -79
2.933970 -80 -82
2.934970 -79 -88
2.935970 -78 -75
2.936970 -77 -85
2.937969 -75 -82
2.938969 -74 -68
2.939969 -73 -85
2.940969 -72 -82
2.941969 -71 -72
2.942969 -70 -78
2.943969 -68 -81
2.944969 -67 -77
2.945969 -66 -74
2.946969 -65 -73
2.947969 -64 -76
2.948969 -63 -63
2.949969 -61 -66
2.950969 -60 -63
2.951968 -59 -51
2.952968 -58 -53
2.953968 -57 -61
2.954968 -55 -55
2.955968 -54 -62
2.956968 -53 -43
2.957968 -52 -49
2.958968 -50 -44
2.959968 -49 -40
2.960968 -48 -44
2.961968 -47 -29
2.962968 -46 -42
2.963968 -44 -35
2.964967 -43 -36
2.965967 -42 -33
2.966967 -41 -38
2.967967 -39 -35
2.968967 -38 -27
2.969967 -37 -27
2.970967 -36 -30
2.971967 -35 -30
2.972967 -33 -27
2.973967 -32 -26
2.974967 -31 -29
2.975967 -30 -22
2.976967 -28 -25
2.977967 -27 -17
2.978966 -26 -17
2.979966 -25 -15
2.980966 -23 -14
2.981966 -22 -15
2.982966 -21 -13
2.983966 -20 -13
2.984966 -18 -9
2.985966 -17 -9
2.986966 -16 -8
2.987966 -15 -7
2.988966 -13 -8
2.989966 -12 -8
2.990966 -11 -8
2.991966 -10 -8
2.992965 -8 -9
2.993965 -7 -11
2.994965 -6 -11
2.995965 -5 -9
2.996965 -3 -9
2.997965 -2 -9
2.998965 -1 -8
2.999965 0 -6
3.000965 1 -6
3.001965 2 -6
3.002965 3 -4
3.003965 4 -3
3.004965 6 0
3.005965 7 0
3.006964 8 0
3.007964 10 0
3.008964 11 0
3.009964 12 20
3.010964 13 21
3.011964 15 20
3.012964 16 20
3.013964 17 20
3.014964 18 18
3.015964 20 20
3.016964 21 20
3.017964 22 24
3.018964 23 18
3.019964 25 18
3.020963 26 29
3.021963 27 25
3.022963 28 21
3.023963 29 20
3.024963 31 25
3.025963 32 28
3.026963 33 27
3.027963 34 26
3.028963 36 28
3.029963 37 35
3.030963 38 37
3.031963 39 35
3.032963 41 41
3.033962 42 37
3.034962 43 32
3.035962 44 35
3.036962 46 46
3.037962 47 46
3.038962 48 43
3.039962 49 44
3.040962 50 32
3.041962 52 46
3.042962 53 48
3.043962 54 49
3.044962 55 56
3.045962 56 57
3.046962 58 57
3.047961 59 57
3.048961 60 62
3.049961 61 48
3.050961 62 57
3.051961 64 59
3.052961 65 59
3.053961 66 43
3.054961 67 65
3.055961 68 62
3.056961 70 67
3.057961 71 66
3.058961 72 65
3.059961 73 72
3.060961 74 59
3.061960 75 61
3.062960 77 67
3.063960 78 61
3.064960 79 58
3.065960 80 72
3.066960 81 70
3.067960 82 59
3.068960 83 68
3.069960 85 75
3.070960 86 78
3.071960 87 74
3.072960 88 70
3.073960 89 72
3.074960 90 68
3.075959 91 80
3.076959 92 79
3.077959 94 87
3.078959 95 86
3.079959 96 95
3.080959 97 85
3.081959 98 101
3.082959 99 87
3.083959 100 97
3.084959 101 105
3.085959 102 106
3.086959 103 117
3.087959 104 120
3.088959 106 102
3.089958 107 98
3.090958 108 104
3.091958 109 90
3.092958 110 104
3.093958 111 106
3.094958 112 113
3.095958 113 118
3.096958 114 114
3.097958 115 112
3.098958 116 112
3.099958 117 118
3.100958 118 100
3.101958 119 128
3.102957 120 112
3.103957 121 118
3.104957 122 115
3.105957 123 121
3.106957 124 107
3.107957 125 123
3.108957 126 112
3.109957 127 129
3.110957 128 124
3.111957 129 119
3.112957 130 131
3.113957 131 126
3.114957 132 133
3.115957 133 120
3.116956 134 129
3.117956 135 117
3.118956 135 124
3.119956 136 116
3.120956 137 129
3.121956 138 147
3.122956 139 129
3.123956 140 149
3.124956 141 144
3.125956 142 149
3.126956 143 140
3.127956 144 155
3.128956 144 158
3.129956 145 138
3.130955 146 153
3.131955 147 158
3.132955 148 154
3.133955 149 163
3.134955 149 153
3.135955 150 141
3.136955 151 157
3.137955 152 163
3.138955 153 159
3.139955 154 152
3.140955 154 134
3.141955 155 158
3.142955 156 163
3.143955 157 147
3.144954 157 151
3.145954 158 157
3.146954 159 139
3.147954 160 164
3.148954 161 162
3.149954 161 156
3.150954 162 170
3.151954 163 171
3.152954 163 147
3.153954 164 149
3.154954 165 172
3.155954 166 171
3.156954 166 155
3.157954 167 166
3.158953 168 171
3.159953 168 145
3.160953 169 172
3.161953 170 166
3.162953 170 145
3.163953 171 159
3.164953 172 171
3.165953 172 163
3.166953 173 179
3.167953 174 166
3.168953 174 169
3.169953 175 158
3.170953 175 182
3.171952 176 176
3.172952 177 147
3.173952 177 153
3.174952 178 177
3.175952 178 176
3.176952 179 149
3.177952 179 174
3.178952 180 178
3.179952 180 171
3.180952 181 182
3.181952 181 176
3.182952 182 176
3.183952 183 173
3.184952 183 189
3.185951 184 202
3.186951 184 187
3.187951 184 184
3.188951 185 171
3.189951 185 174
3.190951 186 196
3.191951 186 193
3.192951 187 188
3.193951 187 188
3.194951 188 203
3.195951 188 196
3.196951 188 204
3.197951 189 210
3.198951 189 208
3.199950 190 210
3.200950 190 180
3.201950 190 189
3.202950 191 198
3.203950 191 202
3.204950 192 198
3.205950 192 201
3.206950 192 177
3.207950 193 180
3.208950 193 200
3.209950 193 199
3.210950 194 185
3.211950 194 177
3.212950 194 175
3.213949 194 202
3.214949 195 189
3.215949 195 188
3.216949 195 206
3.217949 195 180
3.218949 196 201
3.219949 196 199
3.220949 196 197
3.221949 196 197
3.222949 197 211
3.223949 197 184
3.224949 197 183
3.225949 197 193
3.226948 197 206
3.227948 198 205
3.228948 198 200
3.229948 198 200
3.230948 198 186
3.231948 198 205
3.232948 198 204
3.233948 198 201
3.234948 199 213
3.235948 199 194
3.236948 199 204
3.237948 199 198
3.238948 199 195
3.239948 199 209
3.240947 199 210
3.241947 199 205
3.242947 199 216
3.243947 199 199
3.244947 199 209
3.245947 199 220
3.246947 199 207
3.247947 199 215
3.248947 199 198
3.249947 199 210
3.250947 199 214
3.251947 199 194
3.252947 199 189
3.253947 199 214
3.254946 199 200
3.255946 199 224
3.256946 199 209
3.257946 199 210
3.258946 199 216
3.259946 199 188
3.260946 199 192
3.261946 199 208
3.262946 199 198
3.263946 199 213
3.264946 199 223
3.265946 198 214
3.266946 198 215
3.267946 198 206
3.268945 198 208
3.269945 198 202
3.270945 198 188
3.271945 198 220
3.272945 197 230
3.273945 197 221
3.274945 197 220
3.275945 197 221
3.276945 197 222
3.277945 196 199
3.278945 196 203
3.279945 196 209
3.280945 196 192
3.281945 195 225
3.282944 195 211
3.283944 195 232
3.284944 195 224
3.285944 194 226
3.286944 194 220
3.287944 194 213
3.288944 194 212
3.289944 193 205
3.290944 193 195
3.291944 193 208
3.292944 192 224
3.293944 192 205
3.294944 192 212
3.295943 191 214
3.296943 191 206
3.297943 190 206
3.298943 190 200
3.299943 190 199
3.300943 189 195
3.301943 189 205
3.302943 189 205
3.303943 188 215
3.304943 188 210
3.305943 187 186
3.306943 187 183
3.307943 186 210
3.308943 186 200
3.309942 185 203
3.310942 185 189
3.311942 185 182
3.312942 184 193
3.313942 184 200
3.314942 183 191
3.315942 183 190
3.316942 182 177
3.317942 182 174
3.318942 181 187
3.319942 180 202
3.320942 180 172
3.321942 179 171
3.322942 179 163
3.323941 178 185
3.324941 178 189
3.325941 177 164
3.326941 177 150
3.327941 176 172
3.328941 175 170
3.329941 175 155
3.330941 174 171
3.331941 174 169
3.332941 173 177
3.333941 172 171
3.334941 172 174
3.335941 171 168
3.336941 170 151
3.337940 170 174
3.338940 169 180
3.339940 168 141
3.340940 168 161
3.341940 167 170
3.342940 166 170
3.343940 166 178
3.344940 165 172
3.345940 164 155
3.346940 164 141
3.347940 163 159
3.348940 162 167
3.349940 161 156
3.350940 161 166
3.351939 160 155
3.352939 159 143
3.353939 158 172
3.354939 158 167
3.355939 157 154
3.356939 156 165
3.357939 155 166
3.358939 154 160
3.359939 154 166
3.360939 153 179
3.361939 152 163
3.362939 151 144
3.363939 150 167
3.364938 150 181
3.365938 149 145
3.366938 148 175
3.367938 147 165
3.368938 146 167
3.369938 145 163
3.370938 144 168
3.371938 144 135
3.372938 143 151
3.373938 142 161
3.374938 141 153
3.375938 140 163
3.376938 139 148
3.377938 138 143
3.378937 137 160
3.379937 136 157
3.380937 136 149
3.381937 135 153
3.382937 134 157
3.383937 133 143
3.384937 132 136
3.385937 131 137
3.386937 130 145
3.387937 129 142
3.388937 128 117
3.389937 127 137
3.390937 126 137
3.391937 125 144
3.392936 124 132
3.393936 123 133
3.394936 122 134
3.395936 121 125
3.396936 120 125
3.397936 119 112
3.398936 118 120
3.399936 117 123
3.400936 116 114
3.401936 115 115
3.402936 114 110
3.403936 113 124
3.404936 112 115
3.405936 111 113
3.406935 110 122
3.407935 109 116
3.408935 108 120
3.409935 107 119
3.410935 106 130
3.411935 105 114
3.412935 104 116
3.413935 102 119
3.414935 101 107
3.415935 100 114
3.416935 99 104
3.417935 98 112
3.418935 97 86
3.419935 96 101
3.420934 95 99
3.421934 94 110
3.422934 93 97
3.423934 91 107
3.424934 90 103
3.425934 89 85
3.426934 88 90
3.427934 87 95
3.428934 86 96
3.429934 85 101
3.430934 84 77
3.431934 82 97
3.432934 81 96
3.433933 80 78
3.434933 79 89
3.435933 78 81
3.436933 77 74
3.437933 76 87
3.438933 74 73
3.439933 73 78
3.440933 72 83
3.441933 71 77
3.442933 70 79
3.443933 69 76
3.444933 67 75
3.445933 66 69
3.446933 65 65
3.447932 64 71
3.448932 63 69
3.449932 61 77
3.450932 60 74
3.451932 59 55
3.452932 58 68
3.453932 57 63
3.454932 55 62
3.455932 54 56
3.456932 53 50
3.457932 52 54
3.458932 51 71
3.459932 49 56
3.460932 48 58
3.461931 47 61
3.462931 46 49
3.463931 44 37
3.464931 43 45
3.465931 42 46
3.466931 41 50
3.467931 40 46
3.468931 38 45
3.469931 37 56
3.470931 36 49
3.471931 35 48
3.472931 33 43
3.473931 32 34
3.474931 31 33
3.475930 30 36
3.476930 28 33
3.477930 27 40
3.478930 26 31
3.479930 25 27
3.480930 23 23
3.481930 22 22
3.482930 21 22
3.483930 20 26
3.484930 18 20
3.485930 17 20
3.486930 16 20
3.487930 15 22
3.488930 13 17
3.489929 12 16
3.490929 11 16
3.491929 10 0
3.492929 8 8
3.493929 7 8
3.494929 6 5
3.495929 5 0
3.496929 3 0
3.497929 2 0
3.498929 1 0
3.499929 0 0
3.500929 -1 0
3.501929 -2 0
3.502928 -3 0
3.503928 -4 -1
3.504928 -6 -1
3.505928 -7 -1
3.506928 -8 -1
3.507928 -9 -1
3.508928 -11 -1
3.509928 -12 -1
3.510928 -13 -1
3.511928 -14 -1
3.512928 -16 -1
3.513928 -17 -1
3.514928 -18 -1
3.515928 -19 -1
3.516927 -21 -1
3.517927 -22 -1
3.518927 -23 -1
3.519927 -24 -1
3.520927 -26 -1
3.521927 -27 -1
3.522927 -28 -1
3.523927 -29 -1
3.524927 -31 -24
3.525927 -32 -25
3.526927 -33 -32
3.527927 -34 -34
3.528927 -36 -34
3.529927 -37 -37
3.530926 -38 -47
3.531926 -39 -40
3.532926 -41 -52
3.533926 -42 -51
3.534926 -43 -52
3.535926 -44 -62
3.536926 -45 -73
3.537926 -47 -58
3.538926 -48 -68
3.539926 -49 -77
3.540926 -50 -67
3.541926 -52 -83
3.542926 -53 -88
3.543926 -54 -74
3.544925 -55 -77
3.545925 -56 -76
3.546925 -58 -82
3.547925 -59 -82
3.548925 -60 -81
3.549925 -61 -85
3.550925 -62 -91
3.551925 -64 -89
3.552925 -65 -73
3.553925 -66 -79
3.554925 -67 -77
3.555925 -68 -68
3.556925 -70 -86
3.557925 -71 -78
3.558924 -72 -66
3.559924 -73 -90
3.560924 -74 -82
3.561924 -75 -66
3.562924 -77 -74
3.563924 -78 -78
3.564924 -79 -71
3.565924 -80 -80
3.566924 -81 -80
3.567924 -82 -69
3.568924 -83 -81
3.569924 -85 -81
3.570924 -86 -78
3.571923 -87 -71
3.572923 -88 -71
3.573923 -89 -75
3.574923 -90 -69
3.575923 -91 -84
3.576923 -92 -81
3.577923 -94 -79
3.578923 -95 -85
3.579923 -96 -80
3.580923 -97 -65
3.581923 -98 -85
3.582923 -99 -82
3.583923 -100 -72
3.584923 -101 -88
3.585922 -102 -91
3.586922 -103 -97
3.587922 -104 -94
3.588922 -106 -84
3.589922 -107 -100
3.590922 -108 -105
3.591922 -109 -94
3.592922 -110 -101
3.593922 -111 -88
3.594922 -112 -106
3.595922 -113 -104
3.596922 -114 -100
3.597922 -115 -108
3.598922 -116 -108
3.599921 -117 -116
3.600921 -118 -117
3.601921 -119 -123
3.602921 -120 -110
3.603921 -121 -124
3.604921 -122 -112
3.605921 -123 -121
3.606921 -124 -116
3.607921 -125 -120
3.608921 -126 -116
3.609921 -127 -121
3.610921 -128 -123
3.611921 -129 -124
3.612921 -130 -133
3.613920 -131 -120
3.614920 -132 -135
3.615920 -133 -138
3.616920 -134 -131
3.617920 -134 -132
3.618920 -135 -135
3.619920 -136 -119
3.620920 -137 -151
3.621920 -138 -135
3.622920 -139 -139
3.623920 -140 -135
3.624920 -141 -121
3.625920 -142 -138
3.626920 -143 -134
3.627919 -143 -144
3.628919 -144 -154
3.629919 -145 -134
3.630919 -146 -145
3.631919 -147 -137
3.632919 -148 -147
3.633919 -149 -154
3.634919 -149 -135
3.635919 -150 -156
3.636919 -151 -160
3.637919 -152 -135
3.638919 -153 -156
3.639919 -154 -153
3.640918 -154 -144
3.641918 -155 -156
3.642918 -156 -156
3.643918 -157 -149
3.644918 -157 -171
3.645918 -158 -156
3.646918 -159 -153
3.647918 -160 -167
3.648918 -161 -162
3.649918 -161 -141
3.650918 -162 -172
3.651918 -163 -164
3.652918 -163 -171
3.653918 -164 -165
3.654917 -165 -163
3.655917 -166 -167
3.656917 -166 -157
3.657917 -167 -166
3.658917 -168 -172
3.659917 -168 -162
3.660917 -169 -168
3.661917 -170 -181
3.662917 -170 -175
3.663917 -171 -163
3.664917 -172 -170
3.665917 -172 -184
3.666917 -173 -181
3.667917 -173 -168
3.668916 -174 -172
3.669916 -175 -188
3.670916 -175 -188
3.671916 -176 -166
3.672916 -176 -171
3.673916 -177 -186
3.674916 -178 -182
3.675916 -178 -161
3.676916 -179 -167
3.677916 -179 -180
3.678916 -180 -182
3.679916 -180 -166
3.680916 -181 -176
3.681916 -181 -189
3.682915 -182 -184
3.683915 -183 -155
3.684915 -183 -171
3.685915 -184 -183
3.686915 -184 -180
3.687915 -184 -167
3.688915 -185 -161
3.689915 -185 -178
3.690915 -186 -186
3.691915 -186 -181
3.692915 -187 -167
3.693915 -187 -184
3.694915 -188 -179
3.695915 -188 -171
3.696914 -188 -169
3.697914 -189 -184
3.698914 -189 -183
3.699914 -190 -187
3.700914 -190 -181
3.701914 -190 -193
3.702914 -191 -184
3.703914 -191 -188
3.704914 -192 -186
3.705914 -192 -176
3.706914 -192 -182
3.707914 -193 -182
3.708914 -193 -192
3.709913 -193 -173
3.710913 -193 -174
3.711913 -194 -201
3.712913 -194 -203
3.713913 -194 -184
3.714913 -195 -194
3.715913 -195 -189
3.716913 -195 -191
3.717913 -195 -199
3.718913 -196 -210
3.719913 -196 -195
3.720913 -196 -200
3.721913 -196 -191
3.722913 -197 -188
3.723912 -197 -201
3.724912 -197 -206
3.725912 -197 -195
3.726912 -197 -204
3.727912 -198 -180
3.728912 -198 -176
3.729912 -198 -206
3.730912 -198 -210
3.731912 -198 -204
3.732912 -198 -208
3.733912 -198 -187
3.734912 -199 -193
3.735912 -199 -212
3.736912 -199 -197
3.737911 -199 -205
3.738911 -199 -210
3.739911 -199 -206
3.740911 -199 -215
3.741911 -199 -193
3.742911 -199 -192
3.743911 -199 -207
3.744911 -199 -214
3.745911 -199 -207
3.746911 -199 -217
3.747911 -199 -227
3.748911 -199 -215
3.749911 -199 -208
3.750911 -199 -214
3.751910 -199 -189
3.752910 -199 -194
3.753910 -199 -209
3.754910 -199 -207
3.755910 -199 -222
3.756910 -199 -220
3.757910 -199 -211
3.758910 -199 -216
3.759910 -199 -194
3.760910 -199 -185
3.761910 -199 -195
3.762910 -199 -188
3.763910 -199 -201
3.764910 -199 -201
3.765909 -199 -191
3.766909 -198 -197
3.767909 -198 -193
3.768909 -198 -193
3.769909 -198 -194
3.770909 -198 -197
3.771909 -198 -174
3.772909 -197 -180
3.773909 -197 -194
3.774909 -197 -200
3.775909 -197 -186
3.776909 -197 -190
3.777909 -196 -176
3.778908 -196 -182
3.779908 -196 -202
3.780908 -196 -185
3.781908 -195 -177
3.782908 -195 -177
3.783908 -195 -183
3.784908 -195 -192
3.785908 -194 -188
3.786908 -194 -168
3.787908 -194 -192
3.788908 -194 -188
3.789908 -193 -190
3.790908 -193 -186
3.791908 -193 -175
3.792907 -192 -186
3.793907 -192 -186
3.794907 -192 -192
3.795907 -191 -181
3.796907 -191 -175
3.797907 -191 -188
3.798907 -190 -199
3.799907 -190 -189
3.800907 -189 -182
3.801907 -189 -203
3.802907 -189 -207
3.803907 -188 -203
3.804907 -188 -199
3.805907 -187 -189
3.806906 -187 -179
3.807906 -186 -204
3.808906 -186 -202
3.809906 -185 -214
3.810906 -185 -214
3.811906 -185 -204
3.812906 -184 -222
3.813906 -184 -203
3.814906 -183 -203
3.815906 -183 -206
3.816906 -182 -206
3.817906 -182 -216
3.818906 -181 -217
3.819906 -181 -209
3.820905 -180 -221
3.821905 -179 -212
3.822905 -179 -216
3.823905 -178 -200
3.824905 -178 -209
3.825905 -177 -213
3.826905 -177 -206
3.827905 -176 -224
3.828905 -175 -214
3.829905 -175 -206
3.830905 -174 -221
3.831905 -174 -199
3.832905 -173 -211
3.833905 -172 -189
3.834904 -172 -179
3.835904 -171 -202
3.836904 -170 -193
3.837904 -170 -190
3.838904 -169 -186
3.839904 -168 -190
3.840904 -168 -187
3.841904 -167 -185
3.842904 -166 -185
3.843904 -166 -174
3.844904 -165 -183
3.845904 -164 -184
3.846904 -164 -176
3.847903 -163 -156
3.848903 -162 -181
3.849903 -161 -185
3.850903 -161 -172
3.851903 -160 -164
3.852903 -159 -182
3.853903 -158 -180
3.854903 -158 -176
3.855903 -157 -170
3.856903 -156 -180
3.857903 -155 -177
3.858903 -154 -150
3.859903 -154 -160
3.860903 -153 -170
3.861902 -152 -163
3.862902 -151 -160
3.863902 -150 -177
3.864902 -150 -173
3.865902 -149 -145
3.866902 -148 -164
3.867902 -147 -170
3.868902 -146 -170
3.869902 -145 -166
3.870902 -145 -158
3.871902 -144 -155
3.872902 -143 -157
3.873902 -142 -151
3.874902 -141 -144
3.875901 -140 -150
3.876901 -139 -155
3.877901 -138 -138
3.878901 -137 -153
3.879901 -136 -125
3.880901 -136 -135
3.881901 -135 -134
3.882901 -134 -122
3.883901 -133 -130
3.884901 -132 -106
3.885901 -131 -127
3.886901 -130 -108
3.887901 -129 -124
3.888901 -128 -119
3.889900 -127 -123
3.890900 -126 -111
3.891900 -125 -119
3.892900 -124 -109
3.893900 -123 -120
3.894900 -122 -111
3.895900 -121 -116
3.896900 -120 -98
3.897900 -119 -108
3.898900 -118 -103
3.899900 -117 -108
3.900900 -116 -102
3.901900 -115 -112
3.902900 -114 -113
3.903899 -113 -120
3.904899 -112 -117
3.905899 -111 -103
3.906899 -110 -110
3.907899 -109 -96
3.908899 -108 -113
3.909899 -107 -92
3.910899 -106 -109
3.911899 -105 -99
3.912899 -104 -106
3.913899 -102 -107
3.914899 -101 -108
3.915899 -100 -110
3.916898 -99 -109
3.917898 -98 -101
3.918898 -97 -107
3.919898 -96 -107
3.920898 -95 -89
3.921898 -94 -113
3.922898 -93 -98
3.923898 -92 -115
3.924898 -90 -106
3.925898 -89 -101
3.926898 -88 -106
3.927898 -87 -97
3.928898 -86 -108
3.929898 -85 -88
3.930897 -84 -98
3.931897 -82 -97
3.932897 -81 -98
3.933897 -80 -95
3.934897 -79 -84
3.935897 -78 -91
3.936897 -77 -96
3.937897 -76 -84
3.938897 -74 -95
3.939897 -73 -83
3.940897 -72 -84
3.941897 -71 -94
3.942897 -70 -78
3.943897 -69 -93
3.944896 -67 -86
3.945896 -66 -73
3.946896 -65 -82
3.947896 -64 -91
3.948896 -63 -77
3.949896 -61 -81
3.950896 -60 -80
3.951896 -59 -67
3.952896 -58 -74
3.953896 -57 -72
3.954896 -55 -60
3.955896 -54 -84
3.956896 -53 -63
3.957896 -52 -67
3.958895 -51 -52
3.959895 -49 -67
3.960895 -48 -54
3.961895 -47 -50
3.962895 -46 -55
3.963895 -44 -65
3.964895 -43 -50
3.965895 -42 -48
3.966895 -41 -61
3.967895 -40 -59
3.968895 -38 -59
3.969895 -37 -50
3.970895 -36 -55
3.971895 -35 -53
3.972894 -33 -58
3.973894 -32 -44
3.974894 -31 -51
3.975894 -30 -45
3.976894 -28 -44
3.977894 -27 -43
3.978894 -26 -40
3.979894 -25 -45
3.980894 -23 -47
3.981894 -22 -37
3.982894 -21 -40
3.983894 -20 -37
3.984894 -18 -33
3.985893 -17 -33
3.986893 -16 -25
3.987893 -15 -24
3.988893 -13 -30
3.989893 -12 -26
3.990893 -11 -22
3.991893 -10 -20
3.992893 -8 -18
3.993893 -7 -18
3.994893 -6 -16
3.995893 -5 -16
3.996893 -3 -13
3.997893 -2 -11
3.998893 -1 -8
