0 0 10501.7
0.001 3.5946e-06 10501.7
0.002 2.87137e-05 10501.7
0.003 9.67631e-05 10501.7
0.004 0.00022902 10501.7
0.005 0.000446632 10501.7
0.006 0.000770619 10501.7
0.007 0.00122187 10501.7
0.008 0.00182115 10501.7
0.009 0.0025891 10501.7
0.01 0.00354622 10501.7
0.011 0.00471289 10501.7
0.012 0.00610936 10501.7
0.013 0.00775578 10501.7
0.014 0.00967212 10501.7
0.015 0.0118783 10501.7
0.016 0.014394 10501.7
0.017 0.0172389 10501.7
0.018 0.0204324 10501.7
0.019 0.023994 10501.7
0.02 0.0279429 10501.7
0.021 0.0322982 10501.7
0.022 0.037079 10501.7
0.023 0.042304 10501.7
0.024 0.047992 10501.7
0.025 0.0541617 10501.7
0.026 0.0608316 10501.7
0.027 0.06802 10501.7
0.028 0.0757453 10501.7
0.029 0.0840254 10501.7
0.03 0.0928785 10501.7
0.031 0.102322 10501.7
0.032 0.112375 10501.7
0.033 0.123054 10501.7
0.034 0.134376 10501.7
0.035 0.14636 10501.7
0.036 0.159022 10501.7
0.037 0.17238 10501.7
0.038 0.18645 10501.7
0.039 0.201251 10501.8
0.04 0.216797 10501.8
0.041 0.233107 10501.8
0.042 0.250196 10501.8
0.043 0.268081 10501.8
0.044 0.286779 10501.8
0.045 0.306305 10501.8
0.046 0.326676 10501.8
0.047 0.347907 10501.9
0.048 0.370016 10501.9
0.049 0.393016 10501.9
0.05 0.416924 10501.9
0.051 0.441756 10501.9
0.052 0.467526 10502
0.053 0.494251 10502
0.054 0.521945 10502
0.055 0.550623 10502
0.056 0.5803 10502
0.057 0.610991 10502.1
0.058 0.64271 10502.1
0.059 0.675473 10502.1
0.06 0.709294 10502.2
0.061 0.744187 10502.2
0.062 0.780166 10502.2
0.0629999 0.817245 10502.2
0.064 0.855439 10502.3
0.065 0.894761 10502.3
0.066 0.935225 10502.3
0.067 0.976845 10502.4
0.068 1.01963 10502.4
0.069 1.06361 10502.5
0.07 1.10877 10502.5
0.071 1.15515 10502.5
0.072 1.20275 10502.6
0.073 1.25159 10502.6
0.074 1.30167 10502.7
0.075 1.35302 10502.7
0.076 1.40563 10502.8
0.077 1.45954 10502.8
0.078 1.51474 10502.8
0.079 1.57126 10502.9
0.08 1.62909 10503
0.081 1.68827 10503
0.082 1.74879 10503.1
0.083 1.81067 10503.1
0.084 1.87392 10503.2
0.085 1.93855 10503.2
0.086 2.00458 10503.3
0.087 2.07201 10503.3
0.088 2.14086 10503.4
0.089 2.21114 10503.5
0.09 2.28286 10503.5
0.091 2.35603 10503.6
0.092 2.43066 10503.7
0.093 2.50676 10503.7
0.094 2.58435 10503.8
0.095 2.66343 10503.9
0.096 2.74402 10504
0.097 2.82611 10504
0.098 2.90974 10504.1
0.099 2.9949 10504.2
0.1 3.0816 10504.3
0.101 3.16986 10504.3
0.102 3.25969 10504.4
0.103 3.35109 10504.5
0.104 3.44407 10504.6
0.105 3.53865 10504.7
0.106 3.63483 10504.8
0.107 3.73262 10504.9
0.108 3.83204 10505
0.109 3.93309 10505
0.11 4.03578 10505.1
0.111 4.14012 10505.2
0.112 4.24611 10505.3
0.113 4.35378 10505.4
0.114 4.46311 10505.5
0.115 4.57414 10505.6
0.116 4.68685 10505.7
0.117 4.80127 10505.8
0.118 4.9174 10506
0.119 5.03524 10506.1
0.12 5.15481 10506.2
0.121 5.27611 10506.3
0.122 5.39916 10506.4
0.123 5.52395 10506.5
0.124 5.6505 10506.6
0.125 5.77882 10506.8
0.126 5.90891 10506.9
0.127 6.04077 10507
0.128 6.17442 10507.1
0.129 6.30987 10507.3
0.13 6.44712 10507.4
0.131 6.58617 10507.5
0.132 6.72704 10507.6
0.133 6.86973 10507.8
0.134 7.01425 10507.9
0.135 7.16061 10508.1
0.136 7.3088 10508.2
0.137 7.45884 10508.3
0.138 7.61074 10508.5
0.139 7.7645 10508.6
0.14 7.92012 10508.8
0.141 8.07762 10508.9
0.142 8.23699 10509.1
0.143 8.39825 10509.2
0.144 8.5614 10509.4
0.145 8.72645 10509.5
0.146 8.89339 10509.7
0.147 9.06224 10509.9
0.148 9.23301 10510
0.149 9.40569 10510.2
0.15 9.5803 10510.3
0.151 9.75683 10510.5
0.152 9.9353 10510.7
0.153 10.1157 10510.9
0.154 10.298 10511
0.155 10.4823 10511.2
0.156 10.6686 10511.4
0.157 10.8568 10511.6
0.158 11.0469 10511.7
0.159 11.2391 10511.9
0.16 11.4332 10512.1
0.161 11.6292 10512.3
0.162 11.8273 10512.5
0.163 12.0273 10512.7
0.164 12.2294 10512.9
0.165 12.4334 10513.1
0.166 12.6394 10513.3
0.167 12.8474 10513.5
0.168 13.0574 10513.7
0.169 13.2694 10513.9
0.17 13.4834 10514.1
0.171 13.6994 10514.3
0.172 13.9175 10514.5
0.173 14.1375 10514.7
0.174 14.3596 10514.9
0.175 14.5837 10515.1
0.176 14.8098 10515.3
0.177 15.038 10515.6
0.178 15.2682 10515.8
0.179 15.5004 10516
0.18 15.7347 10516.2
0.181 15.971 10516.5
0.182 16.2093 10516.7
0.183 16.4497 10516.9
0.184 16.6922 10517.2
0.185 16.9367 10517.4
0.186 17.1832 10517.6
0.187 17.4318 10517.9
0.188 17.6825 10518.1
0.189 17.9352 10518.4
0.19 18.19 10518.6
0.191 18.4468 10518.9
0.192 18.7057 10519.1
0.193 18.9666 10519.4
0.194 19.2297 10519.6
0.195 19.4948 10519.9
0.196 19.7619 10520.1
0.197 20.0311 10520.4
0.198 20.3024 10520.6
0.199 20.5758 10520.9
0.2 20.8513 10521.2
0.201 21.1288 10521.5
0.202 21.4084 10521.7
0.203 21.69 10522
0.204 21.9738 10522.3
0.205 22.2596 10522.5
0.206 22.5475 10522.8
0.207 22.8375 10523.1
0.208 23.1295 10523.4
0.209 23.4237 10523.7
0.21 23.7199 10524
0.211 24.0182 10524.3
0.212 24.3185 10524.5
0.213 24.621 10524.8
0.214 24.9255 10525.1
0.215 25.2321 10525.4
0.216 25.5408 10525.7
0.217 25.8515 10526
0.218 26.1644 10526.3
0.219 26.4793 10526.7
0.22 26.7962 10527
0.221 27.1153 10527.3
0.222 27.4364 10527.6
0.223 27.7597 10527.9
0.224 28.0849 10528.2
0.225 28.4123 10528.5
0.226 28.7417 10528.8
0.227 29.0732 10529.2
0.228 29.4068 10529.5
0.229 29.7424 10529.8
0.23 30.0801 10530.1
0.231 30.4199 10530.5
0.232 30.7617 10530.8
0.233 31.1056 10531.2
0.234 31.4516 10531.5
0.235 31.7996 10531.8
0.236 32.1497 10532.2
0.237 32.5018 10532.5
0.238 32.856 10532.8
0.239 33.2122 10533.2
0.24 33.5705 10533.6
0.241 33.9309 10533.9
0.242 34.2933 10534.3
0.243 34.6577 10534.6
0.244 35.0242 10535
0.245 35.3927 10535.3
0.246 35.7632 10535.7
0.247 36.1358 10536.1
0.248 36.5104 10536.4
0.249 36.8871 10536.8
0.25 37.2658 10537.2
0.251 37.6464 10537.5
0.252 38.0292 10537.9
0.253 38.4139 10538.3
0.254 38.8007 10538.7
0.255 39.1894 10539.1
0.256 39.5802 10539.4
0.257 39.973 10539.8
0.258 40.3678 10540.2
0.259 40.7646 10540.6
0.26 41.1634 10541
0.261 41.5641 10541.4
0.262 41.9669 10541.8
0.263 42.3717 10542.2
0.264 42.7784 10542.6
0.265 43.1872 10543
0.266 43.5979 10543.4
0.267 44.0105 10543.8
0.268 44.4252 10544.2
0.269 44.8418 10544.6
0.27 45.2604 10545
0.271 45.6809 10545.4
0.272 46.1034 10545.8
0.273 46.5278 10546.2
0.274 46.9542 10546.7
0.275 47.3826 10547.1
0.276 47.8128 10547.5
0.277 48.245 10547.9
0.278 48.6792 10548.3
0.279 49.1152 10548.8
0.28 49.5532 10549.2
0.281 49.9931 10549.7
0.282 50.4349 10550.1
0.283 50.8786 10550.5
0.284 51.3242 10550.9
0.285 51.7717 10551.4
0.286 52.2211 10551.8
0.287 52.6724 10552.3
0.288 53.1256 10552.7
0.289 53.5806 10553.2
0.29 54.0375 10553.6
0.291 54.4963 10554.1
0.292 54.957 10554.5
0.293 55.4195 10555
0.294 55.8839 10555.4
0.295 56.3501 10555.9
0.296 56.8181 10556.4
0.297 57.288 10556.8
0.298 57.7597 10557.3
0.299 58.2333 10557.8
0.3 58.7087 10558.2
0.301 59.1858 10558.7
0.302 59.6648 10559.2
0.303 60.1456 10559.6
0.304 60.6282 10560.1
0.305 61.1126 10560.6
0.306 61.5987 10561.1
0.307 62.0867 10561.6
0.308 62.5764 10562
0.309 63.0679 10562.5
0.31 63.5611 10563
0.311 64.0562 10563.5
0.312 64.5529 10564
0.313 65.0514 10564.5
0.314 65.5516 10565
0.314999 66.0536 10565.5
0.315999 66.5573 10566
0.316999 67.0627 10566.5
0.317999 67.5698 10567
0.318999 68.0786 10567.5
0.319999 68.5892 10568
0.320999 69.1014 10568.5
0.321999 69.6153 10569
0.322999 70.1309 10569.5
0.323999 70.6481 10570
0.324999 71.167 10570.5
0.325999 71.6876 10571
0.326999 72.2098 10571.5
0.327999 72.7337 10572
0.328999 73.2592 10572.6
0.329999 73.7863 10573.1
0.330999 74.3151 10573.6
0.331999 74.8455 10574.1
0.332999 75.3775 10574.7
0.333999 75.9111 10575.2
0.334999 76.4463 10575.7
0.335999 76.983 10576.3
0.336999 77.5214 10576.8
0.337999 78.0613 10577.3
0.338999 78.6028 10577.9
0.339999 79.1459 10578.4
0.340999 79.6905 10578.9
0.341999 80.2366 10579.5
0.342999 80.7843 10580
0.343999 81.3335 10580.6
0.344999 81.8842 10581.1
0.345999 82.4365 10581.6
0.346999 82.9902 10582.2
0.347999 83.5455 10582.7
0.348999 84.1022 10583.3
0.349999 84.6604 10583.9
0.350999 85.2201 10584.4
0.351999 85.7813 10585
0.352999 86.3439 10585.5
0.353999 86.908 10586.1
0.354999 87.4735 10586.6
0.355999 88.0404 10587.2
0.356999 88.6088 10587.8
0.357999 89.1786 10588.3
0.358999 89.7498 10588.9
0.359999 90.3224 10589.5
0.360999 90.8964 10590
0.361999 91.4718 10590.6
0.362999 92.0485 10591.2
0.363999 92.6267 10591.7
0.364999 93.2062 10592.3
0.365999 93.787 10592.9
0.366999 94.3692 10593.5
0.367999 94.9527 10594
0.368999 95.5375 10594.6
0.369999 96.1237 10595.2
0.370999 96.7112 10595.8
0.371999 97.2999 10596.4
0.372999 97.89 10597
0.373999 98.4813 10597.5
0.374999 99.0739 10598.1
0.375999 99.6678 10598.7
0.376999 100.263 10599.3
0.377999 100.859 10599.9
0.378999 101.457 10600.5
0.379999 102.056 10601.1
0.380999 102.656 10601.7
0.381999 103.257 10602.3
0.382999 103.86 10602.9
0.383999 104.463 10603.5
0.384999 105.068 10604.1
0.385999 105.674 10604.7
0.386999 106.282 10605.3
0.387999 106.89 10605.9
0.388999 107.499 10606.5
0.389999 108.11 10607.1
0.390999 108.722 10607.7
0.391998 109.335 10608.3
0.392998 109.949 10609
0.393998 110.564 10609.5
0.394998 111.18 10610.2
0.395998 111.798 10610.8
0.396998 112.416 10611.4
0.397998 113.035 10612
0.398998 113.656 10612.6
0.399998 114.277 10613.2
0.400998 114.9 10613.9
0.401998 115.524 10614.5
0.402998 116.148 10615.1
0.403998 116.774 10615.7
0.404998 117.401 10616.4
0.405998 118.028 10617
0.406998 118.657 10617.6
0.407998 119.286 10618.2
0.408998 119.917 10618.9
0.409998 120.548 10619.5
0.410998 121.181 10620.1
0.411998 121.814 10620.7
0.412998 122.448 10621.4
0.413998 123.084 10622
0.414998 123.72 10622.6
0.415998 124.357 10623.3
0.416998 124.995 10623.9
0.417998 125.633 10624.5
0.418998 126.273 10625.2
0.419998 126.913 10625.8
0.420998 127.555 10626.4
0.421998 128.197 10627.1
0.422998 128.84 10627.7
0.423998 129.483 10628.4
0.424998 130.128 10629
0.425998 130.773 10629.6
0.426998 131.419 10630.3
0.427998 132.066 10630.9
0.428998 132.714 10631.6
0.429998 133.362 10632.2
0.430998 134.012 10632.9
0.431998 134.662 10633.5
0.432998 135.312 10634.2
0.433998 135.963 10634.8
0.434998 136.615 10635.5
0.435998 137.268 10636.1
0.436998 137.922 10636.8
0.437998 138.576 10637.4
0.438998 139.23 10638.1
0.439998 139.886 10638.7
0.440998 140.542 10639.4
0.441998 141.198 10640
0.442998 141.856 10640.7
0.443998 142.513 10641.4
0.444998 143.172 10642
0.445998 143.831 10642.7
0.446998 144.491 10643.3
0.447998 145.151 10644
0.448998 145.812 10644.7
0.449998 146.473 10645.3
0.450998 147.135 10646
0.451998 147.797 10646.6
0.452998 148.46 10647.3
0.453998 149.123 10647.9
0.454998 149.787 10648.6
0.455998 150.451 10649.3
0.456998 151.116 10650
0.457998 151.782 10650.6
0.458998 152.447 10651.3
0.459998 153.113 10651.9
0.460998 153.78 10652.6
0.461998 154.447 10653.3
0.462998 155.114 10653.9
0.463998 155.782 10654.6
0.464998 156.45 10655.3
0.465998 157.119 10655.9
0.466998 157.788 10656.6
0.467998 158.457 10657.3
0.468998 159.127 10657.9
0.469997 159.797 10658.6
0.470997 160.467 10659.3
0.471997 161.138 10659.9
0.472997 161.809 10660.6
0.473997 162.48 10661.3
0.474997 163.151 10662
0.475997 163.823 10662.6
0.476997 164.495 10663.3
0.477997 165.167 10664
0.478997 165.84 10664.7
0.479997 166.513 10665.3
0.480997 167.186 10666
0.481997 167.859 10666.7
0.482997 168.532 10667.3
0.483997 169.206 10668
0.484997 169.879 10668.7
0.485997 170.553 10669.3
0.486997 171.227 10670
0.487997 171.901 10670.7
0.488997 172.576 10671.4
0.489997 173.25 10672.1
0.490997 173.924 10672.7
0.491997 174.599 10673.4
0.492997 175.274 10674.1
0.493997 175.949 10674.8
0.494997 176.623 10675.4
0.495997 177.298 10676.1
0.496997 177.973 10676.8
0.497997 178.648 10677.5
0.498997 179.323 10678.1
0.499997 179.998 10678.8
0.500997 180.673 10679.5
0.501997 181.348 10680.2
0.502997 182.023 10680.8
0.503997 182.698 10681.5
0.504997 183.373 10682.2
0.505997 184.048 10682.9
0.506997 184.722 10683.5
0.507997 185.397 10684.2
0.508997 186.072 10684.9
0.509997 186.746 10685.6
0.510997 187.421 10686.2
0.511997 188.095 10686.9
0.512997 188.769 10687.6
0.513997 189.443 10688.3
0.514997 190.117 10688.9
0.515997 190.791 10689.6
0.516997 191.464 10690.3
0.517997 192.137 10691
0.518997 192.811 10691.6
0.519997 193.484 10692.3
0.520997 194.156 10693
0.521997 194.829 10693.7
0.522997 195.501 10694.4
0.523997 196.173 10695
0.524997 196.845 10695.7
0.525997 197.516 10696.4
0.526997 198.187 10697
0.527997 198.858 10697.7
0.528997 199.529 10698.4
0.529997 200.199 10699.1
0.530997 200.869 10699.7
0.531997 201.539 10700.4
0.532997 202.208 10701.1
0.533997 202.877 10701.7
0.534997 203.546 10702.4
0.535997 204.214 10703.1
0.536997 204.882 10703.7
0.537997 205.549 10704.4
0.538997 206.216 10705.1
0.539997 206.883 10705.7
0.540997 207.549 10706.4
0.541997 208.215 10707.1
0.542997 208.88 10707.8
0.543997 209.545 10708.4
0.544997 210.209 10709.1
0.545997 210.873 10709.8
0.546997 211.536 10710.4
0.547997 212.199 10711.1
0.548997 212.862 10711.8
0.549996 213.523 10712.4
0.550996 214.185 10713.1
0.551996 214.845 10713.7
0.552996 215.506 10714.4
0.553996 216.165 10715.1
0.554996 216.824 10715.7
0.555996 217.483 10716.4
0.556996 218.141 10717.1
0.557996 218.798 10717.7
0.558996 219.454 10718.4
0.559996 220.11 10719
0.560996 220.766 10719.7
0.561996 221.421 10720.4
0.562996 222.075 10721
0.563996 222.728 10721.7
0.564996 223.381 10722.3
0.565996 224.033 10723
0.566996 224.684 10723.6
0.567996 225.335 10724.3
0.568996 225.985 10724.9
0.569996 226.634 10725.6
0.570996 227.282 10726.2
0.571996 227.93 10726.9
0.572996 228.577 10727.6
0.573996 229.223 10728.2
0.574996 229.868 10728.9
0.575996 230.513 10729.5
0.576996 231.157 10730.2
0.577996 231.8 10730.8
0.578996 232.442 10731.4
0.579996 233.083 10732.1
0.580996 233.723 10732.7
0.581996 234.363 10733.4
0.582996 235.002 10734
0.583996 235.64 10734.7
0.584996 236.277 10735.3
0.585996 236.913 10735.9
0.586996 237.548 10736.6
0.587996 238.182 10737.2
0.588996 238.816 10737.9
0.589996 239.448 10738.5
0.590996 240.079 10739.1
0.591996 240.71 10739.8
0.592996 241.34 10740.4
0.593996 241.968 10741
0.594996 242.596 10741.7
0.595996 243.223 10742.3
0.596996 243.848 10742.9
0.597996 244.473 10743.6
0.598996 245.096 10744.2
0.599996 245.719 10744.8
0.600996 246.341 10745.4
0.601996 246.961 10746
0.602996 247.581 10746.7
0.603996 248.199 10747.3
0.604996 248.816 10747.9
0.605996 249.432 10748.6
0.606996 250.048 10749.2
0.607996 250.662 10749.8
0.608996 251.275 10750.4
0.609996 251.886 10751
0.610996 252.497 10751.6
0.611996 253.107 10752.3
0.612996 253.715 10752.9
0.613996 254.322 10753.5
0.614996 254.928 10754.1
0.615996 255.533 10754.7
0.616996 256.137 10755.3
0.617996 256.739 10755.9
0.618996 257.341 10756.5
0.619996 257.941 10757.2
0.620996 258.54 10757.7
0.621996 259.137 10758.3
0.622996 259.734 10759
0.623996 260.329 10759.5
0.624996 260.923 10760.2
0.625996 261.515 10760.7
0.626996 262.107 10761.3
0.627995 262.697 10762
0.628995 263.285 10762.5
0.629995 263.873 10763.1
0.630995 264.459 10763.7
0.631995 265.044 10764.3
0.632995 265.627 10764.9
0.633995 266.21 10765.5
0.634995 266.791 10766.1
0.635995 267.37 10766.7
0.636995 267.948 10767.2
0.637995 268.525 10767.8
0.638995 269.1 10768.4
0.639995 269.674 10769
0.640995 270.247 10769.6
0.641995 270.818 10770.2
0.642995 271.388 10770.7
0.643995 271.956 10771.3
0.644995 272.523 10771.9
0.645995 273.089 10772.5
0.646995 273.653 10773
0.647995 274.215 10773.6
0.648995 274.777 10774.2
0.649995 275.336 10774.7
0.650995 275.895 10775.3
0.651995 276.451 10775.9
0.652995 277.007 10776.4
0.653995 277.56 10777
0.654995 278.113 10777.5
0.655995 278.663 10778.1
0.656995 279.213 10778.6
0.657995 279.76 10779.2
0.658995 280.306 10779.8
0.659995 280.851 10780.3
0.660995 281.394 10780.9
0.661995 281.936 10781.4
0.662995 282.476 10782
0.663995 283.014 10782.5
0.664995 283.551 10783
0.665995 284.086 10783.6
0.666995 284.619 10784.1
0.667995 285.151 10784.7
0.668995 285.682 10785.2
0.669995 286.211 10785.8
0.670995 286.738 10786.3
0.671995 287.263 10786.8
0.672995 287.787 10787.3
0.673995 288.309 10787.9
0.674995 288.83 10788.4
0.675995 289.349 10788.9
0.676995 289.866 10789.5
0.677995 290.382 10790
0.678995 290.896 10790.5
0.679995 291.408 10791
0.680995 291.918 10791.5
0.681995 292.427 10792.1
0.682995 292.934 10792.6
0.683995 293.44 10793.1
0.684995 293.944 10793.6
0.685995 294.445 10794.1
0.686995 294.946 10794.6
0.687995 295.444 10795.1
0.688995 295.941 10795.6
0.689995 296.436 10796.1
0.690995 296.929 10796.6
0.691995 297.421 10797.1
0.692995 297.91 10797.6
0.693995 298.398 10798.1
0.694995 298.885 10798.6
0.695995 299.369 10799.1
0.696995 299.852 10799.6
0.697995 300.332 10800.1
0.698995 300.811 10800.6
0.699995 301.289 10801.1
0.700995 301.764 10801.5
0.701995 302.238 10802
0.702995 302.709 10802.5
0.703995 303.179 10803
0.704994 303.647 10803.5
0.705994 304.113 10804
0.706994 304.578 10804.4
0.707994 305.04 10804.9
0.708994 305.501 10805.3
0.709994 305.96 10805.8
0.710994 306.417 10806.3
0.711994 306.872 10806.8
0.712994 307.325 10807.2
0.713994 307.776 10807.7
0.714994 308.226 10808.1
0.715994 308.673 10808.6
0.716994 309.119 10809
0.717994 309.563 10809.5
0.718994 310.004 10809.9
0.719994 310.444 10810.4
0.720994 310.882 10810.8
0.721994 311.318 10811.3
0.722994 311.752 10811.7
0.723994 312.185 10812.2
0.724994 312.615 10812.6
0.725994 313.043 10813.1
0.726994 313.47 10813.5
0.727994 313.894 10813.9
0.728994 314.317 10814.4
0.729994 314.737 10814.8
0.730994 315.156 10815.2
0.731994 315.572 10815.6
0.732994 315.987 10816
0.733994 316.4 10816.5
0.734994 316.81 10816.9
0.735994 317.219 10817.3
0.736994 317.626 10817.7
0.737994 318.031 10818.1
0.738994 318.434 10818.5
0.739994 318.834 10819
0.740994 319.233 10819.4
0.741994 319.63 10819.8
0.742994 320.025 10820.2
0.743994 320.418 10820.6
0.744994 320.808 10821
0.745994 321.197 10821.4
0.746994 321.584 10821.8
0.747994 321.969 10822.2
0.748994 322.351 10822.5
0.749994 322.732 10822.9
0.750994 323.111 10823.3
0.751994 323.487 10823.7
0.752994 323.862 10824.1
0.753994 324.235 10824.5
0.754994 324.605 10824.9
0.755994 324.974 10825.2
0.756994 325.34 10825.6
0.757994 325.705 10826
0.758994 326.067 10826.4
0.759994 326.427 10826.7
0.760994 326.786 10827.1
0.761994 327.142 10827.5
0.762994 327.496 10827.8
0.763994 327.848 10828.2
0.764994 328.198 10828.6
0.765994 328.546 10828.9
0.766994 328.892 10829.3
0.767994 329.236 10829.6
0.768994 329.578 10830
0.769994 329.918 10830.3
0.770994 330.256 10830.7
0.771994 330.591 10831
0.772994 330.925 10831.3
0.773994 331.256 10831.7
0.774994 331.586 10832
0.775994 331.913 10832.4
0.776994 332.238 10832.7
0.777994 332.562 10833
0.778994 332.883 10833.4
0.779994 333.202 10833.7
0.780994 333.519 10834
0.781994 333.834 10834.4
0.782993 334.147 10834.7
0.783993 334.457 10835
0.784993 334.766 10835.3
0.785993 335.073 10835.6
0.786993 335.377 10835.9
0.787993 335.68 10836.3
0.788993 335.98 10836.6
0.789993 336.278 10836.9
0.790993 336.574 10837.2
0.791993 336.869 10837.5
0.792993 337.161 10837.8
0.793993 337.451 10838.1
0.794993 337.739 10838.4
0.795993 338.024 10838.7
0.796993 338.308 10839
0.797993 338.59 10839.3
0.798993 338.869 10839.5
0.799993 339.147 10839.8
0.800993 339.422 10840.1
0.801993 339.696 10840.4
0.802993 339.967 10840.7
0.803993 340.236 10841
0.804993 340.504 10841.2
0.805993 340.769 10841.5
0.806993 341.032 10841.8
0.807993 341.293 10842
0.808993 341.551 10842.3
0.809993 341.808 10842.6
0.810993 342.063 10842.8
0.811993 342.316 10843.1
0.812993 342.566 10843.4
0.813993 342.815 10843.6
0.814993 343.062 10843.9
0.815993 343.306 10844.1
0.816993 343.549 10844.4
0.817993 343.789 10844.6
0.818993 344.027 10844.9
0.819993 344.264 10845.1
0.820993 344.498 10845.4
0.821993 344.73 10845.6
0.822993 344.96 10845.9
0.823993 345.189 10846.1
0.824993 345.415 10846.3
0.825993 345.639 10846.5
0.826993 345.861 10846.8
0.827993 346.081 10847
0.828993 346.299 10847.2
0.829993 346.515 10847.5
0.830993 346.729 10847.7
0.831993 346.941 10847.9
0.832993 347.151 10848.1
0.833993 347.359 10848.3
0.834993 347.565 10848.6
0.835993 347.769 10848.8
0.836993 347.971 10849
0.837993 348.171 10849.2
0.838993 348.369 10849.4
0.839993 348.565 10849.6
0.840993 348.76 10849.8
0.841993 348.952 10850
0.842993 349.142 10850.2
0.843993 349.33 10850.4
0.844993 349.516 10850.6
0.845993 349.701 10850.8
0.846993 349.883 10851
0.847993 350.063 10851.2
0.848993 350.242 10851.4
0.849993 350.418 10851.5
0.850993 350.593 10851.7
0.851993 350.766 10851.9
0.852993 350.937 10852.1
0.853993 351.105 10852.3
0.854993 351.272 10852.4
0.855993 351.437 10852.6
0.856993 351.601 10852.8
0.857993 351.762 10852.9
0.858993 351.921 10853.1
0.859993 352.079 10853.3
0.860992 352.234 10853.4
0.861992 352.388 10853.6
0.862992 352.54 10853.8
0.863992 352.69 10853.9
0.864992 352.838 10854.1
0.865992 352.985 10854.2
0.866992 353.129 10854.4
0.867992 353.272 10854.5
0.868992 353.413 10854.7
0.869992 353.552 10854.8
0.870992 353.689 10855
0.871992 353.825 10855.1
0.872992 353.958 10855.3
0.873992 354.09 10855.4
0.874992 354.22 10855.5
0.875992 354.349 10855.7
0.876992 354.475 10855.8
0.877992 354.6 10855.9
0.878992 354.723 10856.1
0.879992 354.844 10856.2
0.880992 354.964 10856.3
0.881992 355.082 10856.4
0.882992 355.198 10856.6
0.883992 355.312 10856.7
0.884992 355.425 10856.8
0.885992 355.536 10856.9
0.886992 355.645 10857
0.887992 355.753 10857.2
0.888992 355.859 10857.3
0.889992 355.963 10857.4
0.890992 356.066 10857.5
0.891992 356.167 10857.6
0.892992 356.267 10857.7
0.893992 356.364 10857.8
0.894992 356.461 10857.9
0.895992 356.555 10858
0.896992 356.648 10858.1
0.897992 356.74 10858.2
0.898992 356.829 10858.3
0.899992 356.918 10858.4
0.900992 357.004 10858.5
0.901992 357.09 10858.6
0.902992 357.173 10858.7
0.903992 357.255 10858.8
0.904992 357.336 10858.8
0.905992 357.415 10858.9
0.906992 357.493 10859
0.907992 357.569 10859.1
0.908992 357.643 10859.2
0.909992 357.717 10859.3
0.910992 357.788 10859.3
0.911992 357.859 10859.4
0.912992 357.927 10859.5
0.913992 357.995 10859.6
0.914992 358.061 10859.6
0.915992 358.126 10859.7
0.916992 358.189 10859.8
0.917992 358.251 10859.8
0.918992 358.311 10859.9
0.919992 358.37 10860
0.920992 358.428 10860
0.921992 358.485 10860.1
0.922992 358.54 10860.2
0.923992 358.594 10860.2
0.924992 358.647 10860.3
0.925992 358.698 10860.3
0.926992 358.748 10860.4
0.927992 358.797 10860.4
0.928992 358.844 10860.5
0.929992 358.891 10860.5
0.930992 358.936 10860.6
0.931992 358.98 10860.6
0.932992 359.023 10860.7
0.933992 359.064 10860.7
0.934992 359.105 10860.8
0.935992 359.144 10860.8
0.936992 359.182 10860.9
0.937991 359.22 10860.9
0.938991 359.256 10860.9
0.939991 359.29 10861
0.940991 359.324 10861
0.941991 359.357 10861.1
0.942991 359.389 10861.1
0.943991 359.419 10861.1
0.944991 359.449 10861.2
0.945991 359.478 10861.2
0.946991 359.505 10861.2
0.947991 359.532 10861.2
0.948991 359.558 10861.3
0.949991 359.583 10861.3
0.950991 359.607 10861.3
0.951991 359.63 10861.4
0.952991 359.652 10861.4
0.953991 359.673 10861.4
0.954991 359.694 10861.4
0.955991 359.713 10861.5
0.956991 359.732 10861.5
0.957991 359.75 10861.5
0.958991 359.767 10861.5
0.959991 359.783 10861.5
0.960991 359.799 10861.6
0.961991 359.813 10861.6
0.962991 359.828 10861.6
0.963991 359.841 10861.6
0.964991 359.854 10861.6
0.965991 359.866 10861.6
0.966991 359.877 10861.6
0.967991 359.888 10861.7
0.968991 359.898 10861.7
0.969991 359.907 10861.7
0.970991 359.916 10861.7
0.971991 359.924 10861.7
0.972991 359.932 10861.7
0.973991 359.939 10861.7
0.974991 359.946 10861.7
0.975991 359.952 10861.7
0.976991 359.958 10861.7
0.977991 359.963 10861.7
0.978991 359.968 10861.7
0.979991 359.972 10861.8
0.980991 359.976 10861.8
0.981991 359.98 10861.8
0.982991 359.983 10861.8
0.983991 359.986 10861.8
0.984991 359.988 10861.8
0.985991 359.99 10861.8
0.986991 359.992 10861.8
0.987991 359.994 10861.8
0.988991 359.995 10861.8
0.989991 359.996 10861.8
0.990991 359.997 10861.8
0.991991 359.998 10861.8
0.992991 359.999 10861.8
0.993991 359.999 10861.8
0.994991 360 10861.8
0.995991 360 10861.8
0.996991 360 10861.8
0.997991 360 10861.8
0.998991 360 10861.8
0.999991 360 10861.8
1.00099 360 10861.8
1.00199 360 10861.8
1.00299 360 10861.8
1.00399 360 10861.8
1.00499 360 10861.8
1.00599 360 10861.8
1.00699 360 10861.8
1.00799 360 10861.8
1.00899 360 10861.8
1.00999 360 10861.8
1.01099 360 10861.8
1.01199 360 10861.8
1.01299 360 10861.8
1.01399 360.001 10861.8
1.01499 360.001 10861.8
1.01599 360.001 10861.8
1.01699 360.001 10861.8
1.01799 360.001 10861.8
1.01899 360.002 10861.8
1.01999 360.002 10861.8
1.02099 360.002 10861.8
1.02199 360.002 10861.8
1.02299 360.003 10861.8
1.02399 360.003 10861.8
1.02499 360.003 10861.8
1.02599 360.004 10861.8
1.02699 360.004 10861.8
1.02799 360.005 10861.8
1.02899 360.005 10861.8
1.02999 360.006 10861.8
1.03099 360.007 10861.8
1.03199 360.007 10861.8
1.03299 360.008 10861.8
1.03399 360.009 10861.8
1.03499 360.009 10861.8
1.03599 360.01 10861.8
1.03699 360.011 10861.8
1.03799 360.012 10861.8
1.03899 360.013 10861.8
1.03999 360.014 10861.8
1.04099 360.015 10861.8
1.04199 360.016 10861.8
1.04299 360.017 10861.8
1.04399 360.019 10861.8
1.04499 360.02 10861.8
1.04599 360.021 10861.8
1.04699 360.023 10861.8
1.04799 360.024 10861.8
1.04899 360.026 10861.8
1.04999 360.027 10861.8
1.05099 360.029 10861.8
1.05199 360.03 10861.8
1.05299 360.032 10861.8
1.05399 360.034 10861.8
1.05499 360.036 10861.8
1.05599 360.038 10861.8
1.05699 360.04 10861.8
1.05799 360.042 10861.8
1.05899 360.044 10861.8
1.05999 360.046 10861.8
1.06099 360.049 10861.8
1.06199 360.051 10861.8
1.06299 360.054 10861.8
1.06399 360.056 10861.8
1.06499 360.059 10861.8
1.06599 360.062 10861.8
1.06699 360.064 10861.8
1.06799 360.067 10861.8
1.06899 360.07 10861.8
1.06999 360.073 10861.8
1.07099 360.076 10861.8
1.07199 360.079 10861.8
1.07299 360.083 10861.8
1.07399 360.086 10861.8
1.07499 360.09 10861.8
1.07599 360.093 10861.8
1.07699 360.097 10861.8
1.07799 360.101 10861.8
1.07899 360.104 10861.8
1.07999 360.108 10861.8
1.08099 360.112 10861.8
1.08199 360.117 10861.8
1.08299 360.121 10861.8
1.08399 360.125 10861.8
1.08499 360.129 10861.8
1.08599 360.134 10861.9
1.08699 360.139 10861.9
1.08799 360.143 10861.9
1.08899 360.148 10861.9
1.08999 360.153 10861.9
1.09099 360.158 10861.9
1.092 360.163 10861.9
1.093 360.169 10861.9
1.094 360.174 10861.9
1.095 360.179 10861.9
1.096 360.185 10861.9
1.097 360.191 10861.9
1.098 360.197 10861.9
1.099 360.202 10861.9
1.1 360.208 10861.9
1.101 360.215 10861.9
1.102 360.221 10861.9
1.103 360.227 10861.9
1.104 360.234 10861.9
1.105 360.24 10861.9
1.106 360.247 10862
1.107 360.254 10862
1.108 360.261 10862
1.109 360.268 10862
1.11 360.275 10862
1.111 360.283 10862
1.112 360.29 10862
1.113 360.298 10862
1.114 360.305 10862
1.115 360.313 10862
1.116 360.321 10862
1.117 360.329 10862
1.118 360.338 10862
1.119 360.346 10862
1.12 360.355 10862.1
1.121 360.363 10862.1
1.122 360.372 10862.1
1.123 360.381 10862.1
1.124 360.39 10862.1
1.125 360.399 10862.1
1.126 360.409 10862.1
1.127 360.418 10862.1
1.128 360.428 10862.1
1.129 360.437 10862.1
1.13 360.447 10862.1
1.131 360.457 10862.1
1.132 360.468 10862.2
1.133 360.478 10862.2
1.134 360.488 10862.2
1.135 360.499 10862.2
1.136 360.51 10862.2
1.137 360.521 10862.2
1.138 360.532 10862.2
1.139 360.543 10862.2
1.14 360.554 10862.2
1.141 360.566 10862.2
1.142 360.578 10862.3
1.143 360.589 10862.3
1.144 360.601 10862.3
1.145 360.613 10862.3
1.146 360.626 10862.3
1.147 360.638 10862.3
1.148 360.651 10862.3
1.149 360.664 10862.3
1.15 360.676 10862.3
1.151 360.69 10862.4
1.152 360.703 10862.4
1.153 360.716 10862.4
1.154 360.73 10862.4
1.155 360.743 10862.4
1.156 360.757 10862.4
1.157 360.771 10862.4
1.158 360.786 10862.4
1.159 360.8 10862.5
1.16 360.815 10862.5
1.161 360.829 10862.5
1.162 360.844 10862.5
1.163 360.859 10862.5
1.164 360.874 10862.5
1.165 360.89 10862.5
1.166 360.905 10862.6
1.167 360.921 10862.6
1.168 360.937 10862.6
1.169 360.953 10862.6
1.17 360.969 10862.6
1.171 360.986 10862.6
1.172 361.002 10862.7
1.173 361.019 10862.7
1.174 361.036 10862.7
1.175 361.053 10862.7
1.176 361.07 10862.7
1.177 361.088 10862.7
1.178 361.106 10862.8
1.179 361.123 10862.8
1.18 361.141 10862.8
1.181 361.16 10862.8
1.182 361.178 10862.8
1.183 361.197 10862.8
1.184 361.215 10862.9
1.185 361.234 10862.9
1.186 361.253 10862.9
1.187 361.273 10862.9
1.188 361.292 10862.9
1.189 361.312 10863
1.19 361.332 10863
1.191 361.352 10863
1.192 361.372 10863
1.193 361.392 10863
1.194 361.413 10863
1.195 361.434 10863.1
1.196 361.455 10863.1
1.197 361.476 10863.1
1.198 361.497 10863.1
1.199 361.519 10863.1
1.2 361.541 10863.2
1.201 361.563 10863.2
1.202 361.585 10863.2
1.203 361.607 10863.2
1.204 361.63 10863.3
1.205 361.653 10863.3
1.206 361.676 10863.3
1.207 361.699 10863.3
1.208 361.722 10863.3
1.209 361.746 10863.4
1.21 361.769 10863.4
1.211 361.793 10863.4
1.212 361.817 10863.4
1.213 361.842 10863.5
1.214 361.866 10863.5
1.215 361.891 10863.5
1.216 361.916 10863.5
1.217 361.941 10863.5
1.218 361.967 10863.6
1.219 361.992 10863.6
1.22 362.018 10863.6
1.221 362.044 10863.6
1.222 362.07 10863.7
1.223 362.096 10863.7
1.224 362.123 10863.7
1.225 362.15 10863.8
1.226 362.177 10863.8
1.227 362.204 10863.8
1.228 362.232 10863.8
1.229 362.259 10863.9
1.23 362.287 10863.9
1.231 362.315 10863.9
1.232 362.343 10863.9
1.233 362.372 10864
1.234 362.401 10864
1.235 362.43 10864
1.236 362.459 10864
1.237 362.488 10864.1
1.238 362.518 10864.1
1.239 362.547 10864.1
1.24 362.577 10864.2
1.241 362.608 10864.2
1.242 362.638 10864.2
1.243 362.669 10864.3
1.244 362.7 10864.3
1.245 362.731 10864.3
1.246 362.762 10864.3
1.247 362.794 10864.4
1.248 362.825 10864.4
1.249 362.857 10864.4
1.25 362.889 10864.5
1.251 362.922 10864.5
1.252 362.955 10864.5
1.253 362.987 10864.6
1.254 363.02 10864.6
1.255 363.054 10864.6
1.256 363.087 10864.7
1.257 363.121 10864.7
1.258 363.155 10864.7
1.259 363.189 10864.8
1.26 363.224 10864.8
1.261 363.258 10864.8
1.262 363.293 10864.9
1.263 363.328 10864.9
1.264 363.364 10864.9
1.265 363.399 10865
1.266 363.435 10865
1.267 363.471 10865
1.268 363.507 10865.1
1.269 363.544 10865.1
1.27 363.58 10865.1
1.271 363.617 10865.2
1.272 363.655 10865.2
1.273 363.692 10865.2
1.274 363.73 10865.3
1.275 363.767 10865.3
1.276 363.806 10865.4
1.277 363.844 10865.4
1.278 363.882 10865.4
1.279 363.921 10865.5
1.28 363.96 10865.5
1.281 363.999 10865.5
1.282 364.039 10865.6
1.283 364.079 10865.6
1.284 364.119 10865.7
1.285 364.159 10865.7
1.286 364.199 10865.7
1.287 364.24 10865.8
1.288 364.281 10865.8
1.289 364.322 10865.9
1.29 364.363 10865.9
1.291 364.405 10865.9
1.292 364.447 10866
1.293 364.489 10866
1.294 364.531 10866.1
1.295 364.574 10866.1
1.296 364.617 10866.1
1.297 364.66 10866.2
1.298 364.703 10866.2
1.299 364.747 10866.3
1.3 364.79 10866.3
1.301 364.834 10866.4
1.302 364.879 10866.4
1.303 364.923 10866.4
1.304 364.968 10866.5
1.305 365.013 10866.5
1.30601 365.058 10866.6
1.30701 365.104 10866.6
1.30801 365.149 10866.7
1.30901 365.195 10866.7
1.31001 365.241 10866.8
1.31101 365.288 10866.8
1.31201 365.335 10866.8
1.31301 365.381 10866.9
1.31401 365.429 10866.9
1.31501 365.476 10867
1.31601 365.524 10867
1.31701 365.572 10867.1
1.31801 365.62 10867.1
1.31901 365.668 10867.2
1.32001 365.717 10867.2
1.32101 365.766 10867.3
1.32201 365.815 10867.3
1.32301 365.864 10867.4
1.32401 365.914 10867.4
1.32501 365.964 10867.5
1.32601 366.014 10867.5
1.32701 366.064 10867.6
1.32801 366.115 10867.6
1.32901 366.166 10867.7
1.33001 366.217 10867.7
1.33101 366.268 10867.8
1.33201 366.32 10867.8
1.33301 366.372 10867.9
1.33401 366.424 10867.9
1.33501 366.476 10868
1.33601 366.529 10868
1.33701 366.582 10868.1
1.33801 366.635 10868.1
1.33901 366.688 10868.2
1.34001 366.742 10868.2
1.34101 366.796 10868.3
1.34201 366.85 10868.3
1.34301 366.904 10868.4
1.34401 366.959 10868.4
1.34501 367.014 10868.5
1.34601 367.069 10868.5
1.34701 367.125 10868.6
1.34801 367.18 10868.6
1.34901 367.236 10868.7
1.35001 367.292 10868.8
1.35101 367.349 10868.8
1.35201 367.405 10868.9
1.35301 367.462 10868.9
1.35401 367.519 10869
1.35501 367.577 10869
1.35601 367.635 10869.1
1.35701 367.692 10869.1
1.35801 367.751 10869.2
1.35901 367.809 10869.3
1.36001 367.868 10869.3
1.36101 367.927 10869.4
1.36201 367.986 10869.4
1.36301 368.045 10869.5
1.36401 368.105 10869.6
1.36501 368.165 10869.6
1.36601 368.225 10869.7
1.36701 368.286 10869.7
1.36801 368.347 10869.8
1.36901 368.408 10869.8
1.37001 368.469 10869.9
1.37101 368.53 10870
1.37201 368.592 10870
1.37301 368.654 10870.1
1.37401 368.716 10870.2
1.37501 368.779 10870.2
1.37601 368.842 10870.3
1.37701 368.905 10870.3
1.37801 368.968 10870.4
1.37901 369.032 10870.5
1.38001 369.095 10870.5
1.38101 369.16 10870.6
1.38201 369.224 10870.7
1.38301 369.289 10870.7
1.38401 369.353 10870.8
1.38501 369.418 10870.8
1.38601 369.484 10870.9
1.38701 369.549 10871
1.38801 369.615 10871
1.38901 369.682 10871.1
1.39001 369.748 10871.2
1.39101 369.815 10871.2
1.39201 369.882 10871.3
1.39301 369.949 10871.4
1.39401 370.016 10871.4
1.39501 370.084 10871.5
1.39601 370.152 10871.6
1.39701 370.22 10871.6
1.39801 370.289 10871.7
1.39901 370.357 10871.8
1.40001 370.426 10871.8
1.40101 370.496 10871.9
1.40201 370.565 10872
1.40301 370.635 10872
1.40401 370.705 10872.1
1.40501 370.775 10872.2
1.40601 370.846 10872.2
1.40701 370.916 10872.3
1.40801 370.988 10872.4
1.40901 371.059 10872.5
1.41001 371.13 10872.5
1.41101 371.202 10872.6
1.41201 371.274 10872.7
1.41301 371.347 10872.7
1.41401 371.419 10872.8
1.41501 371.492 10872.9
1.41601 371.565 10873
1.41701 371.639 10873
1.41801 371.713 10873.1
1.41901 371.786 10873.2
1.42001 371.861 10873.2
1.42101 371.935 10873.3
1.42201 372.01 10873.4
1.42301 372.085 10873.5
1.42401 372.16 10873.5
1.42501 372.236 10873.6
1.42601 372.311 10873.7
1.42701 372.387 10873.8
1.42801 372.464 10873.8
1.42901 372.54 10873.9
1.43001 372.617 10874
1.43101 372.694 10874.1
1.43201 372.771 10874.1
1.43301 372.849 10874.2
1.43401 372.927 10874.3
1.43501 373.005 10874.4
1.43601 373.083 10874.5
1.43701 373.162 10874.5
1.43801 373.24 10874.6
1.43901 373.32 10874.7
1.44001 373.399 10874.8
1.44101 373.479 10874.8
1.44201 373.559 10874.9
1.44301 373.639 10875
1.44401 373.719 10875.1
1.44501 373.8 10875.2
1.44601 373.881 10875.2
1.44701 373.962 10875.3
1.44801 374.043 10875.4
1.44901 374.125 10875.5
1.45001 374.207 10875.6
1.45101 374.289 10875.6
1.45201 374.372 10875.7
1.45301 374.455 10875.8
1.45401 374.538 10875.9
1.45501 374.621 10876
1.45601 374.704 10876.1
1.45701 374.788 10876.1
1.45801 374.872 10876.2
1.45901 374.956 10876.3
1.46001 375.041 10876.4
1.46101 375.126 10876.5
1.46201 375.211 10876.5
1.46301 375.296 10876.6
1.46401 375.382 10876.7
1.46501 375.468 10876.8
1.46601 375.554 10876.9
1.46701 375.64 10877
1.46801 375.727 10877.1
1.46901 375.814 10877.1
1.47001 375.901 10877.2
1.47101 375.988 10877.3
1.47201 376.076 10877.4
1.47301 376.164 10877.5
1.47401 376.252 10877.6
1.47501 376.34 10877.7
1.47601 376.429 10877.8
1.47701 376.518 10877.8
1.47801 376.607 10877.9
1.47901 376.697 10878
1.48001 376.786 10878.1
1.48101 376.876 10878.2
1.48201 376.967 10878.3
1.48301 377.057 10878.4
1.48401 377.148 10878.5
1.48501 377.239 10878.6
1.48601 377.33 10878.6
1.48701 377.421 10878.7
1.48801 377.513 10878.8
1.48901 377.605 10878.9
1.49001 377.698 10879
1.49101 377.79 10879.1
1.49201 377.883 10879.2
1.49301 377.976 10879.3
1.49401 378.069 10879.4
1.49501 378.163 10879.5
1.49601 378.256 10879.6
1.49701 378.35 10879.7
1.49801 378.445 10879.7
1.49901 378.539 10879.8
1.50001 378.634 10879.9
1.50101 378.729 10880
1.50201 378.825 10880.1
1.50301 378.92 10880.2
1.50401 379.016 10880.3
1.50501 379.112 10880.4
1.50601 379.208 10880.5
1.50701 379.305 10880.6
1.50801 379.402 10880.7
1.50901 379.499 10880.8
1.51001 379.596 10880.9
1.51101 379.694 10881
1.51201 379.791 10881.1
1.51301 379.89 10881.2
1.51401 379.988 10881.3
1.51501 380.086 10881.4
1.51601 380.185 10881.5
1.51701 380.284 10881.6
1.51801 380.384 10881.7
1.51901 380.483 10881.8
1.52002 380.583 10881.9
1.52102 380.683 10882
1.52202 380.784 10882.1
1.52302 380.884 10882.2
1.52402 380.985 10882.3
1.52502 381.086 10882.4
1.52602 381.187 10882.5
1.52702 381.289 10882.6
1.52802 381.391 10882.7
1.52902 381.493 10882.8
1.53002 381.595 10882.9
1.53102 381.698 10883
1.53202 381.801 10883.1
1.53302 381.904 10883.2
1.53402 382.007 10883.3
1.53502 382.11 10883.4
1.53602 382.214 10883.5
1.53702 382.318 10883.6
1.53802 382.423 10883.7
1.53902 382.527 10883.8
1.54002 382.632 10883.9
1.54102 382.737 10884
1.54202 382.842 10884.1
1.54302 382.948 10884.2
1.54402 383.053 10884.3
1.54502 383.159 10884.4
1.54602 383.266 10884.5
1.54702 383.372 10884.6
1.54802 383.479 10884.7
1.54902 383.586 10884.8
1.55002 383.693 10884.9
1.55102 383.801 10885
1.55202 383.908 10885.1
1.55302 384.016 10885.3
1.55402 384.124 10885.4
1.55502 384.233 10885.5
1.55602 384.341 10885.6
1.55702 384.45 10885.7
1.55802 384.559 10885.8
1.55902 384.669 10885.9
1.56002 384.778 10886
1.56102 384.888 10886.1
1.56202 384.998 10886.2
1.56302 385.109 10886.3
1.56402 385.219 10886.5
1.56502 385.33 10886.6
1.56602 385.441 10886.7
1.56702 385.553 10886.8
1.56802 385.664 10886.9
1.56902 385.776 10887
1.57002 385.888 10887.1
1.57102 386 10887.2
1.57202 386.113 10887.3
1.57302 386.225 10887.4
1.57402 386.338 10887.5
1.57502 386.451 10887.7
1.57602 386.565 10887.8
1.57702 386.678 10887.9
1.57802 386.792 10888
1.57902 386.906 10888.1
1.58002 387.021 10888.2
1.58102 387.135 10888.3
1.58202 387.25 10888.5
1.58302 387.365 10888.6
1.58402 387.481 10888.7
1.58502 387.596 10888.8
1.58602 387.712 10888.9
1.58702 387.828 10889
1.58802 387.944 10889.1
1.58902 388.061 10889.3
1.59002 388.177 10889.4
1.59102 388.294 10889.5
1.59202 388.411 10889.6
1.59302 388.529 10889.7
1.59402 388.646 10889.8
1.59502 388.764 10890
1.59602 388.882 10890.1
1.59702 389 10890.2
1.59802 389.119 10890.3
1.59902 389.238 10890.4
1.60002 389.357 10890.5
1.60102 389.476 10890.7
1.60202 389.595 10890.8
1.60302 389.715 10890.9
1.60402 389.835 10891
1.60502 389.955 10891.1
1.60602 390.075 10891.3
1.60702 390.196 10891.4
1.60802 390.316 10891.5
1.60902 390.438 10891.6
1.61002 390.559 10891.7
1.61102 390.68 10891.9
1.61202 390.802 10892
1.61302 390.924 10892.1
1.61402 391.046 10892.2
1.61502 391.168 10892.3
1.61602 391.291 10892.5
1.61702 391.413 10892.6
1.61802 391.536 10892.7
1.61902 391.66 10892.8
1.62002 391.783 10892.9
1.62102 391.907 10893.1
1.62202 392.031 10893.2
1.62302 392.155 10893.3
1.62402 392.279 10893.4
1.62502 392.404 10893.6
1.62602 392.528 10893.7
1.62702 392.653 10893.8
1.62802 392.778 10893.9
1.62902 392.904 10894.1
1.63002 393.029 10894.2
1.63102 393.155 10894.3
1.63202 393.281 10894.4
1.63302 393.408 10894.6
1.63402 393.534 10894.7
1.63502 393.661 10894.8
1.63602 393.788 10894.9
1.63702 393.915 10895.1
1.63802 394.042 10895.2
1.63902 394.17 10895.3
1.64002 394.297 10895.4
1.64102 394.425 10895.6
1.64202 394.553 10895.7
1.64302 394.682 10895.8
1.64402 394.81 10896
1.64502 394.939 10896.1
1.64602 395.068 10896.2
1.64702 395.197 10896.3
1.64802 395.327 10896.5
1.64902 395.457 10896.6
1.65002 395.586 10896.7
1.65102 395.716 10896.9
1.65202 395.847 10897
1.65302 395.977 10897.1
1.65402 396.108 10897.2
1.65502 396.239 10897.4
1.65602 396.37 10897.5
1.65702 396.501 10897.6
1.65802 396.633 10897.8
1.65902 396.764 10897.9
1.66002 396.896 10898
1.66102 397.028 10898.2
1.66202 397.161 10898.3
1.66302 397.293 10898.4
1.66402 397.426 10898.6
1.66502 397.559 10898.7
1.66602 397.692 10898.8
1.66702 397.825 10899
1.66802 397.959 10899.1
1.66902 398.092 10899.2
1.67002 398.226 10899.3
1.67102 398.36 10899.5
1.67202 398.495 10899.6
1.67302 398.629 10899.8
1.67402 398.764 10899.9
1.67502 398.899 10900
1.67602 399.034 10900.2
1.67702 399.169 10900.3
1.67802 399.305 10900.4
1.67902 399.44 10900.6
1.68002 399.576 10900.7
1.68102 399.712 10900.8
1.68202 399.849 10901
1.68302 399.985 10901.1
1.68402 400.122 10901.2
1.68502 400.258 10901.4
1.68602 400.396 10901.5
1.68702 400.533 10901.6
1.68802 400.67 10901.8
1.68902 400.808 10901.9
1.69002 400.946 10902.1
1.69102 401.083 10902.2
1.69202 401.222 10902.3
1.69302 401.36 10902.5
1.69402 401.499 10902.6
1.69502 401.637 10902.7
1.69602 401.776 10902.9
1.69702 401.915 10903
1.69802 402.055 10903.1
1.69902 402.194 10903.3
1.70002 402.334 10903.4
1.70102 402.474 10903.6
1.70202 402.614 10903.7
1.70302 402.754 10903.8
1.70402 402.894 10904
1.70502 403.035 10904.1
1.70602 403.176 10904.3
1.70702 403.316 10904.4
1.70802 403.458 10904.5
1.70902 403.599 10904.7
1.71002 403.74 10904.8
1.71102 403.882 10905
1.71202 404.024 10905.1
1.71302 404.166 10905.3
1.71402 404.308 10905.4
1.71502 404.451 10905.5
1.71602 404.593 10905.7
1.71702 404.736 10905.8
1.71802 404.879 10906
1.71902 405.022 10906.1
1.72002 405.165 10906.2
1.72102 405.308 10906.4
1.72202 405.452 10906.5
1.72302 405.596 10906.7
1.72402 405.74 10906.8
1.72502 405.884 10907
1.72602 406.028 10907.1
1.72702 406.173 10907.3
1.72802 406.317 10907.4
1.72902 406.462 10907.5
1.73002 406.607 10907.7
1.73102 406.752 10907.8
1.73202 406.897 10908
1.73302 407.043 10908.1
1.73403 407.189 10908.3
1.73503 407.334 10908.4
1.73603 407.48 10908.5
1.73703 407.626 10908.7
1.73803 407.773 10908.8
1.73903 407.919 10909
1.74003 408.066 10909.1
1.74103 408.213 10909.3
1.74203 408.36 10909.4
1.74303 408.507 10909.6
1.74403 408.654 10909.7
1.74503 408.802 10909.9
1.74603 408.949 10910
1.74703 409.097 10910.2
1.74803 409.245 10910.3
1.74903 409.393 10910.5
1.75003 409.541 10910.6
1.75103 409.69 10910.7
1.75203 409.838 10910.9
1.75303 409.987 10911
1.75403 410.136 10911.2
1.75503 410.285 10911.3
1.75603 410.434 10911.5
1.75703 410.583 10911.6
1.75803 410.733 10911.8
1.75903 410.882 10911.9
1.76003 411.032 10912.1
1.76103 411.182 10912.2
1.76203 411.332 10912.4
1.76303 411.483 10912.5
1.76403 411.633 10912.7
1.76503 411.784 10912.8
1.76603 411.934 10913
1.76703 412.085 10913.1
1.76803 412.236 10913.3
1.76903 412.387 10913.4
1.77003 412.539 10913.6
1.77103 412.69 10913.7
1.77203 412.842 10913.9
1.77303 412.993 10914
1.77403 413.145 10914.2
1.77503 413.297 10914.3
1.77603 413.449 10914.5
1.77703 413.602 10914.6
1.77803 413.754 10914.8
1.77903 413.907 10914.9
1.78003 414.06 10915.1
1.78103 414.213 10915.3
1.78203 414.366 10915.4
1.78303 414.519 10915.6
1.78403 414.672 10915.7
1.78503 414.826 10915.9
1.78603 414.979 10916
1.78703 415.133 10916.2
1.78803 415.287 10916.3
1.78903 415.441 10916.5
1.79003 415.595 10916.6
1.79103 415.749 10916.8
1.79203 415.904 10916.9
1.79303 416.058 10917.1
1.79403 416.213 10917.2
1.79503 416.368 10917.4
1.79603 416.522 10917.6
1.79703 416.678 10917.7
1.79803 416.833 10917.9
1.79903 416.988 10918
1.80003 417.144 10918.2
1.80103 417.299 10918.3
1.80203 417.455 10918.5
1.80303 417.611 10918.6
1.80403 417.767 10918.8
1.80503 417.923 10918.9
1.80603 418.079 10919.1
1.80703 418.235 10919.3
1.80803 418.392 10919.4
1.80903 418.549 10919.6
1.81003 418.705 10919.7
1.81103 418.862 10919.9
1.81203 419.019 10920
1.81303 419.176 10920.2
1.81403 419.333 10920.3
1.81503 419.491 10920.5
1.81603 419.648 10920.7
1.81703 419.806 10920.8
1.81803 419.964 10921
1.81903 420.121 10921.1
1.82003 420.279 10921.3
1.82103 420.437 10921.5
1.82203 420.596 10921.6
1.82303 420.754 10921.8
1.82403 420.912 10921.9
1.82503 421.071 10922.1
1.82603 421.229 10922.2
1.82703 421.388 10922.4
1.82803 421.547 10922.6
1.82903 421.706 10922.7
1.83003 421.865 10922.9
1.83103 422.024 10923
1.83203 422.184 10923.2
1.83303 422.343 10923.4
1.83403 422.503 10923.5
1.83503 422.662 10923.7
1.83603 422.822 10923.8
1.83703 422.982 10924
1.83803 423.142 10924.1
1.83903 423.302 10924.3
1.84003 423.462 10924.5
1.84103 423.622 10924.6
1.84203 423.783 10924.8
1.84303 423.943 10925
1.84403 424.104 10925.1
1.84503 424.265 10925.3
1.84603 424.425 10925.4
1.84703 424.586 10925.6
1.84803 424.747 10925.7
1.84903 424.908 10925.9
1.85003 425.07 10926.1
1.85103 425.231 10926.2
1.85203 425.392 10926.4
1.85303 425.554 10926.6
1.85403 425.715 10926.7
1.85503 425.877 10926.9
1.85603 426.039 10927
1.85703 426.201 10927.2
1.85803 426.363 10927.4
1.85903 426.525 10927.5
1.86003 426.687 10927.7
1.86103 426.849 10927.9
1.86203 427.012 10928
1.86303 427.174 10928.2
1.86403 427.336 10928.3
1.86503 427.499 10928.5
1.86603 427.662 10928.7
1.86703 427.825 10928.8
1.86803 427.987 10929
1.86903 428.15 10929.1
1.87003 428.314 10929.3
1.87103 428.477 10929.5
1.87203 428.64 10929.6
1.87303 428.803 10929.8
1.87403 428.967 10930
1.87503 429.13 10930.1
1.87603 429.294 10930.3
1.87703 429.457 10930.5
1.87803 429.621 10930.6
1.87903 429.785 10930.8
1.88003 429.949 10930.9
1.88103 430.113 10931.1
1.88203 430.277 10931.3
1.88303 430.441 10931.4
1.88403 430.605 10931.6
1.88503 430.769 10931.8
1.88603 430.934 10931.9
1.88703 431.098 10932.1
1.88803 431.263 10932.2
1.88903 431.427 10932.4
1.89003 431.592 10932.6
1.89103 431.757 10932.8
1.89203 431.922 10932.9
1.89303 432.086 10933.1
1.89403 432.251 10933.2
1.89503 432.416 10933.4
1.89603 432.582 10933.6
1.89703 432.747 10933.7
1.89803 432.912 10933.9
1.89903 433.077 10934.1
1.90003 433.243 10934.2
1.90103 433.408 10934.4
1.90203 433.574 10934.5
1.90303 433.739 10934.7
1.90403 433.905 10934.9
1.90503 434.07 10935.1
1.90603 434.236 10935.2
1.90703 434.402 10935.4
1.90803 434.568 10935.5
1.90903 434.734 10935.7
1.91003 434.9 10935.9
1.91103 435.066 10936
1.91203 435.232 10936.2
1.91303 435.398 10936.4
1.91403 435.564 10936.5
1.91503 435.731 10936.7
1.91603 435.897 10936.9
1.91703 436.064 10937
1.91803 436.23 10937.2
1.91903 436.397 10937.4
1.92003 436.563 10937.5
1.92103 436.73 10937.7
1.92203 436.896 10937.9
1.92303 437.063 10938
1.92403 437.23 10938.2
1.92503 437.397 10938.4
1.92603 437.564 10938.5
1.92703 437.731 10938.7
1.92803 437.898 10938.9
1.92903 438.065 10939
1.93003 438.232 10939.2
1.93103 438.399 10939.4
1.93203 438.566 10939.5
1.93303 438.733 10939.7
1.93403 438.901 10939.9
1.93503 439.068 10940
1.93603 439.235 10940.2
1.93703 439.403 10940.4
1.93803 439.57 10940.5
1.93903 439.738 10940.7
1.94003 439.905 10940.9
1.94103 440.073 10941
1.94203 440.24 10941.2
1.94303 440.408 10941.4
1.94403 440.576 10941.5
1.94503 440.743 10941.7
1.94603 440.911 10941.9
1.94703 441.079 10942.1
1.94804 441.247 10942.2
1.94904 441.415 10942.4
1.95004 441.582 10942.6
1.95104 441.75 10942.7
1.95204 441.918 10942.9
1.95304 442.086 10943.1
1.95404 442.254 10943.2
1.95504 442.422 10943.4
1.95604 442.591 10943.6
1.95704 442.759 10943.7
1.95804 442.927 10943.9
1.95904 443.095 10944.1
1.96004 443.263 10944.2
1.96104 443.431 10944.4
1.96204 443.6 10944.6
1.96304 443.768 10944.7
1.96404 443.936 10944.9
1.96504 444.105 10945.1
1.96604 444.273 10945.2
1.96704 444.441 10945.4
1.96804 444.61 10945.6
1.96904 444.778 10945.8
1.97004 444.947 10945.9
1.97104 445.115 10946.1
1.97204 445.284 10946.2
1.97304 445.452 10946.4
1.97404 445.621 10946.6
1.97504 445.789 10946.8
1.97604 445.958 10946.9
1.97704 446.126 10947.1
1.97804 446.295 10947.3
1.97904 446.463 10947.4
1.98004 446.632 10947.6
1.98104 446.801 10947.8
1.98204 446.969 10947.9
1.98304 447.138 10948.1
1.98404 447.307 10948.3
1.98504 447.475 10948.5
1.98604 447.644 10948.6
1.98704 447.813 10948.8
1.98804 447.981 10948.9
1.98904 448.15 10949.1
1.99004 448.319 10949.3
1.99104 448.488 10949.5
1.99204 448.656 10949.6
1.99304 448.825 10949.8
1.99404 448.994 10950
1.99504 449.163 10950.1
1.99604 449.331 10950.3
1.99704 449.5 10950.5
1.99804 449.669 10950.6
1.99904 449.838 10950.8
2.00004 450.006 10951
2.00104 450.175 10951.1
2.00204 450.344 10951.3
2.00304 450.513 10951.5
2.00404 450.681 10951.6
2.00504 450.85 10951.8
2.00604 451.019 10952
2.00704 451.187 10952.2
2.00804 451.356 10952.3
2.00904 451.525 10952.5
2.01004 451.694 10952.7
2.01104 451.862 10952.8
2.01204 452.031 10953
2.01304 452.2 10953.2
2.01404 452.368 10953.3
2.01504 452.537 10953.5
2.01604 452.706 10953.7
2.01704 452.874 10953.8
2.01804 453.043 10954
2.01904 453.212 10954.2
2.02004 453.38 10954.3
2.02104 453.549 10954.5
2.02204 453.717 10954.7
2.02304 453.886 10954.9
2.02404 454.054 10955
2.02504 454.223 10955.2
2.02604 454.392 10955.4
2.02704 454.56 10955.5
2.02804 454.728 10955.7
2.02904 454.897 10955.9
2.03004 455.065 10956
2.03104 455.234 10956.2
2.03204 455.402 10956.4
2.03304 455.571 10956.5
2.03403 455.739 10956.7
2.03503 455.907 10956.9
2.03603 456.076 10957
2.03703 456.244 10957.2
2.03803 456.412 10957.4
2.03903 456.58 10957.5
2.04003 456.749 10957.7
2.04103 456.917 10957.9
2.04203 457.085 10958.1
2.04303 457.253 10958.2
2.04403 457.421 10958.4
2.04503 457.589 10958.6
2.04603 457.757 10958.7
2.04703 457.925 10958.9
2.04803 458.093 10959.1
2.04903 458.261 10959.2
2.05003 458.429 10959.4
2.05103 458.597 10959.6
2.05203 458.765 10959.7
2.05303 458.933 10959.9
2.05403 459.1 10960.1
2.05503 459.268 10960.2
2.05603 459.436 10960.4
2.05703 459.604 10960.6
2.05803 459.771 10960.7
2.05903 459.939 10960.9
2.06003 460.106 10961.1
2.06103 460.274 10961.2
2.06203 460.441 10961.4
2.06303 460.609 10961.6
2.06403 460.776 10961.7
2.06503 460.943 10961.9
2.06603 461.111 10962.1
2.06703 461.278 10962.2
2.06803 461.445 10962.4
2.06903 461.612 10962.6
2.07003 461.779 10962.8
2.07103 461.946 10962.9
2.07203 462.113 10963.1
2.07303 462.28 10963.3
2.07403 462.447 10963.4
2.07503 462.614 10963.6
2.07603 462.781 10963.8
2.07703 462.948 10963.9
2.07803 463.115 10964.1
2.07903 463.281 10964.3
2.08003 463.448 10964.4
2.08103 463.614 10964.6
2.08203 463.781 10964.8
2.08303 463.947 10964.9
2.08403 464.114 10965.1
2.08503 464.28 10965.3
2.08603 464.446 10965.4
2.08703 464.613 10965.6
2.08803 464.779 10965.8
2.08903 464.945 10965.9
2.09003 465.111 10966.1
2.09103 465.277 10966.3
2.09203 465.443 10966.4
2.09303 465.609 10966.6
2.09403 465.774 10966.8
2.09503 465.94 10966.9
2.09603 466.106 10967.1
2.09703 466.271 10967.3
2.09803 466.437 10967.4
2.09903 466.602 10967.6
2.10003 466.768 10967.8
2.10103 466.933 10967.9
2.10203 467.098 10968.1
2.10303 467.264 10968.2
2.10403 467.429 10968.4
2.10503 467.594 10968.6
2.10603 467.759 10968.7
2.10703 467.924 10968.9
2.10803 468.089 10969.1
2.10903 468.253 10969.2
2.11003 468.418 10969.4
2.11103 468.583 10969.6
2.11203 468.747 10969.7
2.11303 468.912 10969.9
2.11403 469.076 10970.1
2.11503 469.241 10970.2
2.11603 469.405 10970.4
2.11703 469.569 10970.6
2.11803 469.733 10970.7
2.11903 469.897 10970.9
2.12003 470.061 10971
2.12103 470.225 10971.2
2.12203 470.389 10971.4
2.12303 470.553 10971.5
2.12403 470.716 10971.7
2.12503 470.88 10971.9
2.12603 471.043 10972
2.12703 471.207 10972.2
2.12803 471.37 10972.3
2.12903 471.533 10972.5
2.13003 471.696 10972.7
2.13103 471.859 10972.8
2.13203 472.022 10973
2.13303 472.185 10973.2
2.13403 472.348 10973.3
2.13503 472.51 10973.5
2.13603 472.673 10973.7
2.13703 472.836 10973.8
2.13803 472.998 10974
2.13903 473.16 10974.2
2.14003 473.323 10974.3
2.14103 473.485 10974.5
2.14203 473.647 10974.6
2.14303 473.809 10974.8
2.14403 473.971 10975
2.14503 474.132 10975.1
2.14603 474.294 10975.3
2.14703 474.456 10975.4
2.14803 474.617 10975.6
2.14903 474.778 10975.8
2.15003 474.94 10975.9
2.15103 475.101 10976.1
2.15203 475.262 10976.3
2.15303 475.423 10976.4
2.15403 475.584 10976.6
2.15503 475.745 10976.7
2.15603 475.905 10976.9
2.15703 476.066 10977.1
2.15803 476.226 10977.2
2.15903 476.387 10977.4
2.16003 476.547 10977.5
2.16103 476.707 10977.7
2.16203 476.867 10977.9
2.16303 477.027 10978
2.16403 477.187 10978.2
2.16503 477.347 10978.4
2.16603 477.506 10978.5
2.16703 477.666 10978.7
2.16803 477.825 10978.8
2.16903 477.984 10979
2.17003 478.144 10979.2
2.17103 478.303 10979.3
2.17202 478.462 10979.5
2.17302 478.62 10979.6
2.17402 478.779 10979.8
2.17502 478.938 10979.9
2.17602 479.096 10980.1
2.17702 479.255 10980.3
2.17802 479.413 10980.4
2.17902 479.571 10980.6
2.18002 479.729 10980.7
2.18102 479.887 10980.9
2.18202 480.045 10981.1
2.18302 480.203 10981.2
2.18402 480.36 10981.4
2.18502 480.518 10981.5
2.18602 480.675 10981.7
2.18702 480.832 10981.8
2.18802 480.989 10982
2.18902 481.146 10982.2
2.19002 481.303 10982.3
2.19102 481.46 10982.5
2.19202 481.616 10982.6
2.19302 481.773 10982.8
2.19402 481.929 10982.9
2.19502 482.085 10983.1
2.19602 482.241 10983.3
2.19702 482.397 10983.4
2.19802 482.553 10983.6
2.19902 482.709 10983.7
2.20002 482.864 10983.9
2.20102 483.02 10984
2.20202 483.175 10984.2
2.20302 483.33 10984.4
2.20402 483.485 10984.5
2.20502 483.64 10984.7
2.20602 483.795 10984.8
2.20702 483.95 10985
2.20802 484.104 10985.1
2.20902 484.259 10985.3
2.21002 484.413 10985.4
2.21102 484.567 10985.6
2.21202 484.721 10985.7
2.21302 484.875 10985.9
2.21402 485.029 10986.1
2.21502 485.182 10986.2
2.21602 485.335 10986.4
2.21702 485.489 10986.5
2.21802 485.642 10986.7
2.21902 485.795 10986.8
2.22002 485.948 10987
2.22102 486.1 10987.1
2.22202 486.253 10987.3
2.22302 486.406 10987.4
2.22402 486.558 10987.6
2.22502 486.71 10987.7
2.22602 486.862 10987.9
2.22702 487.014 10988
2.22802 487.166 10988.2
2.22902 487.317 10988.3
2.23002 487.469 10988.5
2.23102 487.62 10988.7
2.23202 487.771 10988.8
2.23302 487.922 10989
2.23402 488.073 10989.1
2.23502 488.224 10989.3
2.23602 488.374 10989.4
2.23702 488.524 10989.6
2.23802 488.675 10989.7
2.23902 488.825 10989.9
2.24002 488.975 10990
2.24102 489.124 10990.2
2.24202 489.274 10990.3
2.24302 489.424 10990.5
2.24402 489.573 10990.6
2.24502 489.722 10990.8
2.24602 489.871 10990.9
2.24702 490.02 10991.1
2.24802 490.169 10991.2
2.24902 490.317 10991.4
2.25002 490.466 10991.5
2.25102 490.614 10991.7
2.25202 490.762 10991.8
2.25302 490.91 10992
2.25402 491.057 10992.1
2.25502 491.205 10992.3
2.25602 491.352 10992.4
2.25702 491.5 10992.5
2.25802 491.647 10992.7
2.25902 491.794 10992.8
2.26002 491.941 10993
2.26102 492.087 10993.1
2.26202 492.234 10993.3
2.26302 492.38 10993.4
2.26402 492.526 10993.6
2.26502 492.672 10993.7
2.26602 492.818 10993.9
2.26702 492.963 10994
2.26802 493.109 10994.2
2.26902 493.254 10994.3
2.27002 493.399 10994.5
2.27102 493.544 10994.6
2.27202 493.689 10994.8
2.27302 493.833 10994.9
2.27402 493.978 10995
2.27502 494.122 10995.2
2.27602 494.266 10995.3
2.27702 494.41 10995.5
2.27802 494.554 10995.6
2.27902 494.698 10995.8
2.28002 494.841 10995.9
2.28102 494.984 10996.1
2.28202 495.127 10996.2
2.28302 495.27 10996.3
2.28402 495.413 10996.5
2.28502 495.555 10996.6
2.28602 495.698 10996.8
2.28702 495.84 10996.9
2.28802 495.982 10997.1
2.28902 496.124 10997.2
2.29002 496.265 10997.3
2.29102 496.407 10997.5
2.29202 496.548 10997.6
2.29302 496.689 10997.8
2.29402 496.83 10997.9
2.29502 496.971 10998
2.29602 497.111 10998.2
2.29702 497.252 10998.3
2.29802 497.392 10998.5
2.29902 497.532 10998.6
2.30002 497.672 10998.8
2.30102 497.811 10998.9
2.30202 497.951 10999
2.30302 498.09 10999.2
2.30402 498.229 10999.3
2.30502 498.368 10999.5
2.30602 498.507 10999.6
2.30702 498.645 10999.7
2.30802 498.784 10999.9
2.30902 498.922 11000
2.31001 499.06 11000.2
2.31101 499.197 11000.3
2.31201 499.335 11000.4
2.31301 499.472 11000.6
2.31401 499.61 11000.7
2.31501 499.747 11000.8
2.31601 499.883 11001
2.31701 500.02 11001.1
2.31801 500.157 11001.3
2.31901 500.293 11001.4
2.32001 500.429 11001.5
2.32101 500.565 11001.7
2.32201 500.7 11001.8
2.32301 500.836 11001.9
2.32401 500.971 11002.1
2.32501 501.106 11002.2
2.32601 501.241 11002.4
2.32701 501.376 11002.5
2.32801 501.51 11002.6
2.32901 501.644 11002.8
2.33001 501.778 11002.9
2.33101 501.912 11003
2.33201 502.046 11003.2
2.33301 502.18 11003.3
2.33401 502.313 11003.4
2.33501 502.446 11003.6
2.33601 502.579 11003.7
2.33701 502.711 11003.8
2.33801 502.844 11004
2.33901 502.976 11004.1
2.34001 503.108 11004.2
2.34101 503.24 11004.4
2.34201 503.372 11004.5
2.34301 503.503 11004.6
2.34401 503.635 11004.8
2.34501 503.766 11004.9
2.34601 503.897 11005
2.34701 504.027 11005.1
2.34801 504.158 11005.3
2.34901 504.288 11005.4
2.35001 504.418 11005.5
2.35101 504.548 11005.7
2.35201 504.677 11005.8
2.35301 504.807 11005.9
2.35401 504.936 11006.1
2.35501 505.065 11006.2
2.35601 505.194 11006.3
2.35701 505.322 11006.4
2.35801 505.451 11006.6
2.35901 505.579 11006.7
2.36001 505.707 11006.8
2.36101 505.834 11007
2.36201 505.962 11007.1
2.36301 506.089 11007.2
2.36401 506.216 11007.4
2.36501 506.343 11007.5
2.36601 506.47 11007.6
2.36701 506.596 11007.7
2.36801 506.723 11007.9
2.36901 506.849 11008
2.37001 506.974 11008.1
2.37101 507.1 11008.2
2.37201 507.225 11008.4
2.37301 507.351 11008.5
2.37401 507.475 11008.6
2.37501 507.6 11008.7
2.37601 507.725 11008.9
2.37701 507.849 11009
2.37801 507.973 11009.1
2.37901 508.097 11009.3
2.38001 508.221 11009.4
2.38101 508.344 11009.5
2.38201 508.467 11009.6
2.38301 508.59 11009.8
2.38401 508.713 11009.9
2.38501 508.835 11010
2.38601 508.958 11010.1
2.38701 509.08 11010.2
2.38801 509.202 11010.4
2.38901 509.323 11010.5
2.39001 509.445 11010.6
2.39101 509.566 11010.7
2.39201 509.687 11010.8
2.39301 509.808 11011
2.39401 509.928 11011.1
2.39501 510.048 11011.2
2.39601 510.169 11011.3
2.39701 510.288 11011.5
2.39801 510.408 11011.6
2.39901 510.527 11011.7
2.40001 510.647 11011.8
2.40101 510.766 11011.9
2.40201 510.884 11012.1
2.40301 511.003 11012.2
2.40401 511.121 11012.3
2.40501 511.239 11012.4
2.40601 511.357 11012.5
2.40701 511.474 11012.7
2.40801 511.592 11012.8
2.40901 511.709 11012.9
2.41001 511.826 11013
2.41101 511.942 11013.1
2.41201 512.059 11013.2
2.41301 512.175 11013.4
2.41401 512.291 11013.5
2.41501 512.407 11013.6
2.41601 512.522 11013.7
2.41701 512.638 11013.8
2.41801 512.753 11013.9
2.41901 512.867 11014.1
2.42001 512.982 11014.2
2.42101 513.096 11014.3
2.42201 513.21 11014.4
2.42301 513.324 11014.5
2.42401 513.438 11014.6
2.42501 513.551 11014.8
2.42601 513.664 11014.9
2.42701 513.777 11015
2.42801 513.89 11015.1
2.42901 514.003 11015.2
2.43001 514.115 11015.3
2.43101 514.227 11015.4
2.43201 514.339 11015.5
2.43301 514.45 11015.7
2.43401 514.561 11015.8
2.43501 514.672 11015.9
2.43601 514.783 11016
2.43701 514.894 11016.1
2.43801 515.004 11016.2
2.43901 515.114 11016.3
2.44001 515.224 11016.4
2.44101 515.334 11016.5
2.44201 515.443 11016.7
2.44301 515.552 11016.8
2.44401 515.661 11016.9
2.44501 515.77 11017
2.44601 515.878 11017.1
2.44701 515.986 11017.2
2.448 516.094 11017.3
2.449 516.202 11017.4
2.45 516.309 11017.5
2.451 516.416 11017.6
2.452 516.523 11017.8
2.453 516.63 11017.9
2.454 516.737 11018
2.455 516.843 11018.1
2.456 516.949 11018.2
2.457 517.055 11018.3
2.458 517.16 11018.4
2.459 517.265 11018.5
2.46 517.37 11018.6
2.461 517.475 11018.7
2.462 517.58 11018.8
2.463 517.684 11018.9
2.464 517.788 11019
2.465 517.892 11019.1
2.466 517.995 11019.2
2.467 518.098 11019.3
2.468 518.201 11019.4
2.469 518.304 11019.5
2.47 518.407 11019.7
2.471 518.509 11019.8
2.472 518.611 11019.9
2.473 518.713 11020
2.474 518.815 11020.1
2.475 518.916 11020.2
2.476 519.017 11020.3
2.477 519.118 11020.4
2.478 519.218 11020.5
2.479 519.319 11020.6
2.48 519.419 11020.7
2.481 519.518 11020.8
2.482 519.618 11020.9
2.483 519.717 11021
2.484 519.816 11021.1
2.485 519.915 11021.2
2.486 520.014 11021.3
2.487 520.112 11021.4
2.488 520.21 11021.5
2.489 520.308 11021.6
2.49 520.406 11021.7
2.491 520.503 11021.8
2.492 520.6 11021.9
2.493 520.697 11022
2.494 520.793 11022.1
2.495 520.89 11022.2
2.496 520.986 11022.3
2.497 521.081 11022.4
2.498 521.177 11022.4
2.499 521.272 11022.5
2.5 521.367 11022.6
2.501 521.462 11022.7
2.502 521.557 11022.8
2.503 521.651 11022.9
2.504 521.745 11023
2.505 521.839 11023.1
2.506 521.932 11023.2
2.507 522.026 11023.3
2.508 522.118 11023.4
2.509 522.211 11023.5
2.51 522.304 11023.6
2.511 522.396 11023.7
2.512 522.488 11023.8
2.513 522.58 11023.9
2.514 522.671 11024
2.515 522.762 11024
2.516 522.853 11024.1
2.517 522.944 11024.2
2.518 523.035 11024.3
2.519 523.125 11024.4
2.52 523.215 11024.5
2.521 523.304 11024.6
2.522 523.394 11024.7
2.523 523.483 11024.8
2.524 523.572 11024.9
2.525 523.661 11025
2.526 523.749 11025.1
2.527 523.837 11025.1
2.528 523.925 11025.2
2.529 524.013 11025.3
2.53 524.1 11025.4
2.531 524.187 11025.5
2.532 524.274 11025.6
2.533 524.361 11025.7
2.534 524.447 11025.8
2.535 524.533 11025.8
2.536 524.619 11025.9
2.537 524.705 11026
2.538 524.79 11026.1
2.539 524.875 11026.2
2.54 524.96 11026.3
2.541 525.044 11026.4
2.542 525.129 11026.4
2.543 525.213 11026.5
2.544 525.297 11026.6
2.545 525.38 11026.7
2.546 525.463 11026.8
2.547 525.546 11026.9
2.548 525.629 11027
2.549 525.711 11027
2.55 525.794 11027.1
2.551 525.876 11027.2
2.552 525.957 11027.3
2.553 526.039 11027.4
2.554 526.12 11027.5
2.555 526.201 11027.5
2.556 526.282 11027.6
2.557 526.362 11027.7
2.558 526.442 11027.8
2.559 526.522 11027.9
2.56 526.602 11027.9
2.561 526.681 11028
2.562 526.76 11028.1
2.563 526.839 11028.2
2.564 526.918 11028.3
2.565 526.996 11028.3
2.566 527.074 11028.4
2.567 527.152 11028.5
2.568 527.229 11028.6
2.569 527.307 11028.7
2.57 527.384 11028.7
2.571 527.46 11028.8
2.572 527.537 11028.9
2.573 527.613 11029
2.574 527.689 11029
2.575 527.765 11029.1
2.576 527.84 11029.2
2.577 527.916 11029.3
2.578 527.991 11029.3
2.579 528.065 11029.4
2.58 528.14 11029.5
2.581 528.214 11029.6
2.582 528.288 11029.6
2.583 528.362 11029.7
2.584 528.435 11029.8
2.585 528.508 11029.9
2.58599 528.581 11029.9
2.58699 528.654 11030
2.58799 528.726 11030.1
2.58899 528.798 11030.2
2.58999 528.87 11030.2
2.59099 528.941 11030.3
2.59199 529.013 11030.4
2.59299 529.084 11030.5
2.59399 529.155 11030.5
2.59499 529.225 11030.6
2.59599 529.295 11030.7
2.59699 529.365 11030.7
2.59799 529.435 11030.8
2.59899 529.505 11030.9
2.59999 529.574 11031
2.60099 529.643 11031
2.60199 529.712 11031.1
2.60299 529.78 11031.2
2.60399 529.848 11031.2
2.60499 529.916 11031.3
2.60599 529.984 11031.4
2.60699 530.051 11031.4
2.60799 530.119 11031.5
2.60899 530.186 11031.6
2.60999 530.252 11031.6
2.61099 530.319 11031.7
2.61199 530.385 11031.8
2.61299 530.451 11031.8
2.61399 530.516 11031.9
2.61499 530.582 11032
2.61599 530.647 11032
2.61699 530.712 11032.1
2.61799 530.776 11032.2
2.61899 530.841 11032.2
2.61999 530.905 11032.3
2.62099 530.968 11032.4
2.62199 531.032 11032.4
2.62299 531.095 11032.5
2.62399 531.158 11032.6
2.62499 531.221 11032.6
2.62599 531.284 11032.7
2.62699 531.346 11032.8
2.62799 531.408 11032.8
2.62899 531.47 11032.9
2.62999 531.531 11032.9
2.63099 531.592 11033
2.63199 531.653 11033.1
2.63299 531.714 11033.1
2.63399 531.775 11033.2
2.63499 531.835 11033.2
2.63599 531.895 11033.3
2.63699 531.955 11033.4
2.63799 532.014 11033.4
2.63899 532.073 11033.5
2.63999 532.132 11033.6
2.64099 532.191 11033.6
2.64199 532.249 11033.7
2.64299 532.307 11033.7
2.64399 532.365 11033.8
2.64499 532.423 11033.8
2.64599 532.48 11033.9
2.64699 532.538 11034
2.64799 532.595 11034
2.64899 532.651 11034.1
2.64999 532.708 11034.1
2.65099 532.764 11034.2
2.65199 532.82 11034.3
2.65299 532.875 11034.3
2.65399 532.931 11034.4
2.65499 532.986 11034.4
2.65599 533.041 11034.5
2.65699 533.095 11034.5
2.65799 533.15 11034.6
2.65899 533.204 11034.6
2.65999 533.258 11034.7
2.66099 533.311 11034.8
2.66199 533.365 11034.8
2.66299 533.418 11034.9
2.66399 533.471 11034.9
2.66499 533.523 11035
2.66599 533.576 11035
2.66699 533.628 11035.1
2.66799 533.68 11035.1
2.66899 533.731 11035.2
2.66999 533.783 11035.2
2.67099 533.834 11035.3
2.67199 533.885 11035.3
2.67299 533.935 11035.4
2.67399 533.986 11035.4
2.67499 534.036 11035.5
2.67599 534.086 11035.5
2.67699 534.135 11035.6
2.67799 534.185 11035.6
2.67899 534.234 11035.7
2.67999 534.283 11035.7
2.68099 534.331 11035.8
2.68199 534.38 11035.8
2.68299 534.428 11035.9
2.68399 534.476 11035.9
2.68499 534.524 11036
2.68599 534.571 11036
2.68699 534.618 11036.1
2.68799 534.665 11036.1
2.68899 534.712 11036.2
2.68999 534.758 11036.2
2.69099 534.804 11036.3
2.69199 534.85 11036.3
2.69299 534.896 11036.4
2.69399 534.942 11036.4
2.69499 534.987 11036.5
2.69599 535.032 11036.5
2.69699 535.077 11036.5
2.69799 535.121 11036.6
2.69899 535.165 11036.6
2.69999 535.209 11036.7
2.70099 535.253 11036.7
2.70199 535.297 11036.8
2.70299 535.34 11036.8
2.70399 535.383 11036.9
2.70499 535.426 11036.9
2.70599 535.468 11037
2.70699 535.511 11037
2.70799 535.553 11037
2.70899 535.595 11037.1
2.70999 535.636 11037.1
2.71099 535.678 11037.2
2.71199 535.719 11037.2
2.71299 535.76 11037.2
2.71399 535.8 11037.3
2.71499 535.841 11037.3
2.71599 535.881 11037.4
2.71699 535.921 11037.4
2.71799 535.961 11037.5
2.71899 536 11037.5
2.71999 536.039 11037.5
2.72099 536.078 11037.6
2.72199 536.117 11037.6
2.72299 536.156 11037.7
2.72398 536.194 11037.7
2.72498 536.232 11037.7
2.72598 536.27 11037.8
2.72698 536.308 11037.8
2.72798 536.345 11037.8
2.72898 536.382 11037.9
2.72998 536.419 11037.9
2.73098 536.456 11038
2.73198 536.492 11038
2.73298 536.529 11038
2.73398 536.565 11038.1
2.73498 536.6 11038.1
2.73598 536.636 11038.1
2.73698 536.671 11038.2
2.73798 536.706 11038.2
2.73898 536.741 11038.3
2.73998 536.776 11038.3
2.74098 536.81 11038.3
2.74198 536.845 11038.4
2.74298 536.878 11038.4
2.74398 536.912 11038.4
2.74498 536.946 11038.5
2.74598 536.979 11038.5
2.74698 537.012 11038.5
2.74798 537.045 11038.6
2.74898 537.078 11038.6
2.74998 537.11 11038.6
2.75098 537.142 11038.7
2.75198 537.174 11038.7
2.75298 537.206 11038.7
2.75398 537.237 11038.8
2.75498 537.269 11038.8
2.75598 537.3 11038.8
2.75698 537.331 11038.9
2.75798 537.361 11038.9
2.75898 537.392 11038.9
2.75998 537.422 11039
2.76098 537.452 11039
2.76198 537.482 11039
2.76298 537.511 11039
2.76398 537.541 11039.1
2.76498 537.57 11039.1
2.76598 537.599 11039.1
2.76698 537.628 11039.2
2.76798 537.656 11039.2
2.76898 537.684 11039.2
2.76998 537.712 11039.2
2.77098 537.74 11039.3
2.77198 537.768 11039.3
2.77298 537.795 11039.3
2.77398 537.823 11039.4
2.77498 537.85 11039.4
2.77598 537.876 11039.4
2.77698 537.903 11039.4
2.77798 537.929 11039.5
2.77898 537.956 11039.5
2.77998 537.982 11039.5
2.78098 538.007 11039.5
2.78198 538.033 11039.6
2.78298 538.058 11039.6
2.78398 538.083 11039.6
2.78498 538.108 11039.7
2.78598 538.133 11039.7
2.78698 538.158 11039.7
2.78798 538.182 11039.7
2.78898 538.206 11039.8
2.78998 538.23 11039.8
2.79098 538.254 11039.8
2.79198 538.278 11039.8
2.79298 538.301 11039.9
2.79398 538.324 11039.9
2.79498 538.347 11039.9
2.79598 538.37 11039.9
2.79698 538.392 11039.9
2.79798 538.415 11040
2.79898 538.437 11040
2.79998 538.459 11040
2.80098 538.481 11040
2.80198 538.502 11040.1
2.80298 538.523 11040.1
2.80398 538.545 11040.1
2.80498 538.566 11040.1
2.80598 538.586 11040.1
2.80698 538.607 11040.2
2.80798 538.628 11040.2
2.80898 538.648 11040.2
2.80998 538.668 11040.2
2.81098 538.688 11040.2
2.81198 538.707 11040.3
2.81298 538.727 11040.3
2.81398 538.746 11040.3
2.81498 538.765 11040.3
2.81598 538.784 11040.4
2.81698 538.803 11040.4
2.81798 538.822 11040.4
2.81898 538.84 11040.4
2.81998 538.858 11040.4
2.82098 538.876 11040.4
2.82198 538.894 11040.5
2.82298 538.912 11040.5
2.82398 538.929 11040.5
2.82498 538.946 11040.5
2.82598 538.964 11040.5
2.82698 538.981 11040.6
2.82798 538.997 11040.6
2.82898 539.014 11040.6
2.82998 539.03 11040.6
2.83098 539.047 11040.6
2.83198 539.063 11040.6
2.83298 539.079 11040.7
2.83398 539.094 11040.7
2.83498 539.11 11040.7
2.83598 539.125 11040.7
2.83698 539.141 11040.7
2.83798 539.156 11040.7
2.83898 539.17 11040.7
2.83998 539.185 11040.8
2.84098 539.2 11040.8
2.84198 539.214 11040.8
2.84298 539.228 11040.8
2.84398 539.242 11040.8
2.84498 539.256 11040.8
2.84598 539.27 11040.8
2.84698 539.283 11040.9
2.84798 539.297 11040.9
2.84898 539.31 11040.9
2.84998 539.323 11040.9
2.85098 539.336 11040.9
2.85198 539.349 11040.9
2.85298 539.361 11040.9
2.85398 539.374 11041
2.85498 539.386 11041
2.85598 539.398 11041
2.85698 539.41 11041
2.85798 539.422 11041
2.85898 539.434 11041
2.85998 539.445 11041
2.86098 539.457 11041
2.86197 539.468 11041.1
2.86297 539.479 11041.1
2.86397 539.49 11041.1
2.86497 539.501 11041.1
2.86597 539.511 11041.1
2.86697 539.522 11041.1
2.86797 539.532 11041.1
2.86897 539.542 11041.1
2.86997 539.552 11041.1
2.87097 539.562 11041.2
2.87197 539.572 11041.2
2.87297 539.582 11041.2
2.87397 539.591 11041.2
2.87497 539.6 11041.2
2.87597 539.61 11041.2
2.87697 539.619 11041.2
2.87797 539.628 11041.2
2.87897 539.636 11041.2
2.87997 539.645 11041.2
2.88097 539.654 11041.2
2.88197 539.662 11041.3
2.88297 539.67 11041.3
2.88397 539.678 11041.3
2.88497 539.686 11041.3
2.88597 539.694 11041.3
2.88697 539.702 11041.3
2.88797 539.71 11041.3
2.88897 539.717 11041.3
2.88997 539.724 11041.3
2.89097 539.732 11041.3
2.89197 539.739 11041.3
2.89297 539.746 11041.3
2.89397 539.753 11041.4
2.89497 539.759 11041.4
2.89597 539.766 11041.4
2.89697 539.773 11041.4
2.89797 539.779 11041.4
2.89897 539.785 11041.4
2.89997 539.791 11041.4
2.90097 539.797 11041.4
2.90197 539.803 11041.4
2.90297 539.809 11041.4
2.90397 539.815 11041.4
2.90497 539.82 11041.4
2.90597 539.826 11041.4
2.90697 539.831 11041.4
2.90797 539.836 11041.4
2.90897 539.842 11041.4
2.90997 539.847 11041.4
2.91097 539.852 11041.5
2.91197 539.856 11041.5
2.91297 539.861 11041.5
2.91397 539.866 11041.5
2.91497 539.87 11041.5
2.91597 539.875 11041.5
2.91697 539.879 11041.5
2.91797 539.883 11041.5
2.91897 539.887 11041.5
2.91997 539.891 11041.5
2.92097 539.895 11041.5
2.92197 539.899 11041.5
2.92297 539.903 11041.5
2.92397 539.907 11041.5
2.92497 539.91 11041.5
2.92597 539.914 11041.5
2.92697 539.917 11041.5
2.92797 539.92 11041.5
2.92897 539.924 11041.5
2.92997 539.927 11041.5
2.93097 539.93 11041.5
2.93197 539.933 11041.5
2.93297 539.936 11041.5
2.93397 539.938 11041.5
2.93497 539.941 11041.5
2.93597 539.944 11041.6
2.93697 539.946 11041.6
2.93797 539.949 11041.6
2.93897 539.951 11041.6
2.93997 539.953 11041.6
2.94097 539.956 11041.6
2.94197 539.958 11041.6
2.94297 539.96 11041.6
2.94397 539.962 11041.6
2.94497 539.964 11041.6
2.94597 539.966 11041.6
2.94697 539.968 11041.6
2.94797 539.969 11041.6
2.94897 539.971 11041.6
2.94997 539.973 11041.6
2.95097 539.974 11041.6
2.95197 539.976 11041.6
2.95297 539.977 11041.6
2.95397 539.979 11041.6
2.95497 539.98 11041.6
2.95597 539.981 11041.6
2.95697 539.983 11041.6
2.95797 539.984 11041.6
2.95897 539.985 11041.6
2.95997 539.986 11041.6
2.96097 539.987 11041.6
2.96197 539.988 11041.6
2.96297 539.989 11041.6
2.96397 539.99 11041.6
2.96497 539.991 11041.6
2.96597 539.991 11041.6
2.96697 539.992 11041.6
2.96797 539.993 11041.6
2.96897 539.993 11041.6
2.96997 539.994 11041.6
2.97097 539.995 11041.6
2.97197 539.995 11041.6
2.97297 539.996 11041.6
2.97397 539.996 11041.6
2.97497 539.997 11041.6
2.97597 539.997 11041.6
2.97697 539.997 11041.6
2.97797 539.998 11041.6
2.97897 539.998 11041.6
2.97997 539.998 11041.6
2.98097 539.998 11041.6
2.98197 539.999 11041.6
2.98297 539.999 11041.6
2.98397 539.999 11041.6
2.98497 539.999 11041.6
2.98597 539.999 11041.6
2.98697 540 11041.6
2.98797 540 11041.6
2.98897 540 11041.6
2.98997 540 11041.6
2.99097 540 11041.6
2.99197 540 11041.6
2.99297 540 11041.6
2.99397 540 11041.6
2.99497 540 11041.6
2.99597 540 11041.6
2.99697 540 11041.6
2.99797 540 11041.6
2.99897 540 11041.6
2.99996 540 11041.6
