0 0 720.065
0 3.5946e-06 720.065
0 2.87137e-05 720.065
0 9.67631e-05 720.065
0 0.00022902 720.065
0 0.000446632 720.065
0 0.000770619 720.065
0 0.00122187 720.065
0 0.00182115 720.065
0 0.0025891 720.065
0 0.00354622 720.065
0 0.00471289 720.065
0 0.00610936 720.065
0 0.00775578 720.065
0 0.00967212 720.065
0 0.0118783 720.065
0 0.014394 720.065
0 0.0172389 720.065
0 0.0204324 720.065
0 0.023994 720.065
0 0.0279429 720.065
0 0.0322982 720.068
0 0.037079 720.068
0 0.042304 720.07
0 0.047992 720.073
0 0.0541617 720.075
0 0.0608316 720.078
0 0.06802 720.083
0 0.0757453 720.085
0 0.0840254 720.09
0 0.0928785 720.093
0 0.102322 720.1
0 0.112375 720.105
0 0.123054 720.113
0 0.134376 720.118
0 0.14636 720.128
0 0.159022 720.133
0 0.17238 720.143
0 0.18645 720.151
0 0.201251 720.163
0 0.216797 720.171
0 0.233107 720.183
0 0.250196 720.196
0 0.268081 720.211
0 0.286779 720.221
0 0.306305 720.239
0 0.326676 720.251
0 0.347907 720.269
0 0.370016 720.286
0 0.393016 720.304
0 0.416924 720.324
0 0.441756 720.341
0 0.467526 720.364
0 0.494251 720.384
0 0.521945 720.409
0 0.550623 720.429
0 0.5803 720.457
0 0.610991 720.48
0 0.64271 720.505
0 0.675473 720.535
0 0.709294 720.562
0 0.744187 720.59
0 0.780166 720.623
0 0.817245 720.655
0 0.855439 720.686
0 0.894761 720.721
0 0.935225 720.753
0 0.976845 720.791
0 1.01963 720.826
0 1.06361 720.869
0 1.10877 720.904
0 1.15515 720.949
0 1.20275 720.987
0 1.25159 721.027
0 1.30167 721.07
0 1.35302 721.117
0 1.40563 721.163
0 1.45954 721.213
0 1.51474 721.258
0 1.57126 721.311
0 1.62909 721.361
0 1.68827 721.414
0 1.74879 721.464
0 1.81067 721.522
0 1.87392 721.58
0 1.93855 721.637
0 2.00458 721.695
0 2.07201 721.76
0 2.14086 721.821
0 2.21114 721.883
0 2.28286 721.946
0 2.35603 722.014
0 2.43066 722.079
0 2.50676 722.15
0 2.58435 722.222
0 2.66343 722.29
0 2.74402 722.363
0 2.82611 722.443
0 2.90974 722.514
0 2.9949 722.594
0 3.0816 722.672
0 3.16986 722.755
0 3.25969 722.838
0 3.35109 722.923
0 3.44407 723.008
0 3.53865 723.096
0 3.63483 723.182
0 3.73262 723.275
0 3.83204 723.367
0 3.93309 723.463
0 4.03578 723.558
0 4.14012 723.654
0 4.24611 723.754
0 4.35378 723.86
0 4.46311 723.958
0 4.57414 724.061
0 4.68685 724.164
0 4.80127 724.271
0 4.9174 724.379
0 5.03524 724.49
0 5.15481 724.603
0 5.27611 724.713
0 5.39916 724.829
0 5.52395 724.944
0 5.6505 725.062
0 5.77882 725.188
0 5.90891 725.301
0 6.04077 725.434
0 6.17442 725.557
0 6.30987 725.688
0 6.44712 725.813
0 6.58617 725.949
0 6.72704 726.08
0 6.86973 726.218
0 7.01425 726.353
0 7.16061 726.494
0 7.3088 726.632
0 7.45884 726.778
0 7.61074 726.916
0 7.7645 727.066
0 7.92012 727.207
0 8.07762 727.36
0 8.23699 727.496
0 8.39825 727.662
0 8.5614 727.812
0 8.72645 727.973
0 8.89339 728.126
0 9.06224 728.289
0 9.23301 728.45
0 9.40569 728.618
0 9.5803 728.787
0 9.75683 728.957
0 9.9353 729.126
0 10.1157 729.301
0 10.298 729.46
0 10.4823 729.643
0 10.6686 729.824
0 10.8568 729.999
0 11.0469 730.185
0 11.2391 730.369
0 11.4332 730.552
0 11.6292 730.74
0 11.8273 730.929
0 12.0273 731.127
0 12.2294 731.318
0 12.4334 731.519
0 12.6394 731.717
0 12.8474 731.92
0 13.0574 732.119
0 13.2694 732.322
0 13.4834 732.523
0 13.6994 732.729
0 13.9175 732.935
0 14.1375 733.146
0 14.3596 733.359
0 14.5837 733.563
0 14.8098 733.794
0 15.038 734.01
0 15.2682 734.236
0 15.5004 734.457
0 15.7347 734.688
0 15.971 734.916
0 16.2093 735.145
0 16.4497 735.378
0 16.6922 735.607
0 16.9367 735.838
0 17.1832 736.074
0 17.4318 736.328
0 17.6825 736.559
0 17.9352 736.812
0 18.19 737.063
0 18.4468 737.309
0 18.7057 737.558
0 18.9666 737.804
0 19.2297 738.05
0 19.4948 738.309
0 19.7619 738.562
0 20.0311 738.829
0 20.3024 739.087
0 20.5758 739.359
0 20.8513 739.622
0 21.1288 739.896
0 21.4084 740.162
0 21.69 740.438
0 21.9738 740.705
0 22.2596 740.988
0 22.5475 741.265
0 22.8375 741.556
0 23.1295 741.835
0 23.4237 742.128
0 23.7199 742.412
0 24.0182 742.708
0 24.3185 742.997
0 24.621 743.289
0 24.9255 743.582
0 25.2321 743.881
0 25.5408 744.17
0 25.8515 744.471
0 26.1644 744.78
0 26.4793 745.097
0 26.7962 745.405
0 27.1153 745.714
0 27.4364 746.026
0 27.7597 746.342
0 28.0849 746.661
0 28.4123 746.982
0 28.7417 747.306
0 29.0732 747.63
0 29.4068 747.952
0 29.7424 748.273
0 30.0801 748.602
0 30.4199 748.931
0 30.7617 749.268
0 31.1056 749.604
0 31.4516 749.936
0 31.7996 750.285
0 32.1497 750.614
0 32.5018 750.965
0 32.856 751.312
0 33.2122 751.658
0 33.5705 752.002
0 33.9309 752.366
0 34.2933 752.71
0 34.6577 753.077
0 35.0242 753.434
0 35.3927 753.788
0 35.7632 754.152
0 36.1358 754.503
0 36.5104 754.872
0 36.8871 755.254
0 37.2658 755.626
0 37.6464 755.995
0 38.0292 756.352
0 38.4139 756.746
0 38.8007 757.13
0 39.1894 757.512
0 39.5802 757.898
0 39.973 758.278
0 40.3678 758.664
0 40.7646 759.044
0 41.1634 759.44
0 41.5641 759.832
0 41.9669 760.231
0 42.3717 760.623
0 42.7784 761.025
0 43.1872 761.417
0 43.5979 761.826
0 44.0105 762.23
0 44.4252 762.647
0 44.8418 763.051
0 45.2604 763.451
0 45.6809 763.867
0 46.1034 764.284
0 46.5278 764.696
0 46.9542 765.121
0 47.3826 765.537
0 47.8128 765.957
0 48.245 766.384
0 48.6792 766.79
0 49.1152 767.225
0 49.5532 767.697
0 49.9931 768.106
0 50.4349 768.528
0 50.8786 768.98
0 51.3242 769.405
0 51.7717 769.854
0 52.2211 770.299
0 52.6724 770.746
0 53.1256 771.177
0 53.5806 771.632
0 54.0375 772.074
0 54.4963 772.539
0 54.957 772.985
0 55.4195 773.443
0 55.8839 773.895
0 56.3501 774.359
0 56.8181 774.799
0 57.288 775.271
0 57.7597 775.758
0 58.2333 776.215
0 58.7087 776.692
0 59.1858 777.154
0 59.6648 777.636
0 60.1456 778.106
0 60.6282 778.593
0 61.1126 779.052
0 61.5987 779.53
0 62.0867 780.009
0 62.5764 780.464
0 63.0679 780.961
0 63.5611 781.433
0 64.0562 781.948
0 64.5529 782.45
0 65.0514 782.915
0 65.5516 783.412
0 66.0536 783.912
0 66.5573 784.396
0 67.0627 784.901
0 67.5698 785.393
0 68.0786 785.905
0 68.5892 786.435
0 69.1014 786.932
0 69.6153 787.412
0 70.1309 787.934
0 70.6481 788.447
0 71.167 788.961
0 71.6876 789.469
0 72.2098 789.984
0 72.7337 790.501
0 73.2592 791.023
0 73.7863 791.543
0 74.3151 792.063
0 74.8455 792.583
0 75.3775 793.112
0 75.9111 793.647
0 76.4463 794.175
0 76.983 794.7
0 77.5214 795.219
0 78.0613 795.767
0 78.6028 796.304
0 79.1459 796.826
0 79.6905 797.396
0 80.2366 797.946
0 80.7843 798.486
0 81.3335 799.041
0 81.8842 799.544
0 82.4365 800.124
0 82.9902 800.661
0 83.5455 801.193
0 84.1022 801.763
0 84.6604 802.323
0 85.2201 802.866
0 85.7813 803.433
0 86.3439 803.966
0 86.908 804.553
0 87.4735 805.098
0 88.0404 805.666
0 88.6088 806.221
0 89.1786 806.796
0 89.7498 807.328
0 90.3224 807.926
0 90.8964 808.466
0 91.4718 809.043
0 92.0485 809.631
0 92.6267 810.211
0 93.2062 810.771
0 93.787 811.361
0 94.3692 811.909
0 94.9527 812.514
0 95.5375 813.081
0 96.1237 813.646
0 96.7112 814.226
0 97.2999 814.847
0 97.89 815.414
0 98.4813 816.012
0 99.0739 816.589
0 99.6678 817.192
0 100.263 817.749
0 100.859 818.335
0 101.457 818.955
0 102.056 819.52
0 102.656 820.125
0 103.257 820.75
0 103.86 821.335
0 104.463 821.92
0 105.068 822.518
0 105.674 823.116
0 106.282 823.718
0 106.89 824.331
0 107.499 824.936
0 108.11 825.539
0 108.722 826.144
0 109.335 826.749
0 109.949 827.385
0 110.564 827.972
0 111.18 828.588
0 111.798 829.183
0 112.416 829.846
0 113.035 830.476
0 113.656 831.049
0 114.277 831.706
0 114.9 832.289
0 115.524 832.907
0 116.148 833.522
0 116.774 834.15
0 117.401 834.78
0 118.028 835.441
0 118.657 836.021
0 119.286 836.686
0 119.917 837.294
0 120.548 837.944
0 121.181 838.524
0 121.814 839.202
0 122.448 839.792
0 123.084 840.46
0 123.72 841.078
0 124.357 841.731
0 124.995 842.329
0 125.633 842.966
0 126.273 843.597
0 126.913 844.235
0 127.555 844.878
0 128.197 845.52
0 128.84 846.173
0 129.483 846.809
0 130.128 847.429
0 130.773 848.117
0 131.419 848.72
0 132.066 849.367
0 132.714 850.018
0 133.362 850.703
0 134.012 851.306
0 134.662 851.989
0 135.312 852.594
0 135.963 853.265
0 136.615 853.895
0 137.268 854.576
0 137.922 855.224
0 138.576 855.896
0 139.23 856.527
0 139.886 857.192
0 140.542 857.833
0 141.198 858.503
0 141.856 859.141
0 142.513 859.814
0 143.172 860.462
0 143.831 861.132
0 144.491 861.768
0 145.151 862.418
0 145.812 863.063
0 146.473 863.759
0 147.135 864.377
0 147.797 865.042
0 148.46 865.708
0 149.123 866.408
0 149.787 867.051
0 150.451 867.727
0 151.116 868.379
0 151.782 869.057
0 152.447 869.665
0 153.113 870.388
0 153.78 871.004
0 154.447 871.719
0 155.114 872.367
0 155.782 873.023
0 156.45 873.708
0 157.119 874.384
0 157.788 875.037
0 158.457 875.727
0 159.127 876.383
0 159.797 877.061
0 160.467 877.713
0 161.138 878.399
0 161.809 879.057
0 162.48 879.74
0 163.151 880.395
0 163.823 881.091
0 164.495 881.746
0 165.167 882.369
0 165.84 883.042
0 166.513 883.715
0 167.186 884.388
0 167.859 885.056
0 168.532 885.779
0 169.206 886.472
0 169.879 887.108
0 170.553 887.811
0 171.227 888.469
0 171.901 889.159
0 172.576 889.775
0 173.25 890.508
0 173.924 891.188
0 174.599 891.806
0 175.274 892.532
0 175.949 893.147
0 176.623 893.853
0 177.298 894.561
0 177.973 895.226
0 178.648 895.909
0 179.323 896.557
0 179.998 897.265
0 180.673 897.933
0 181.348 898.549
0 182.023 899.254
0 182.698 899.965
0 183.373 900.635
0 184.048 901.321
0 184.722 901.994
0 185.397 902.667
0 186.072 903.28
0 186.746 904.02
0 187.421 904.633
0 188.095 905.366
0 188.769 906.039
0 189.443 906.725
0 190.117 907.398
0 190.791 908.071
0 191.464 908.741
0 192.137 909.419
0 192.811 910.047
0 193.484 910.74
0 194.156 911.408
0 194.829 912.099
0 195.501 912.762
0 196.173 913.437
0 196.845 914.103
0 197.516 914.791
0 198.187 915.446
0 198.858 916.129
0 199.529 916.795
0 200.199 917.513
0 200.869 918.173
0 201.539 918.821
0 202.208 919.514
0 202.877 920.195
0 203.546 920.823
0 204.214 921.536
0 204.882 922.204
0 205.549 922.879
0 206.216 923.537
0 206.883 924.213
0 207.549 924.878
0 208.215 925.488
0 208.88 926.206
0 209.545 926.824
0 210.209 927.552
0 210.873 928.223
0 211.536 928.876
0 212.199 929.549
0 212.862 930.209
0 213.523 930.88
0 214.185 931.535
0 214.845 932.213
0 215.506 932.838
0 216.165 933.537
0 216.824 934.187
0 217.483 934.86
0 218.141 935.48
0 218.798 936.118
0 219.454 936.829
0 220.11 937.504
0 220.766 938.155
0 221.421 938.818
0 222.075 939.463
0 222.728 940.131
0 223.381 940.749
0 224.033 941.444
0 224.684 942.054
0 225.335 942.74
0 225.985 943.4
0 226.634 944.066
0 227.282 944.699
0 227.93 945.372
0 228.577 946.004
0 229.223 946.667
0 229.868 947.25
0 230.513 947.976
0 231.157 948.553
0 231.8 949.264
0 232.442 949.887
0 233.083 950.555
0 233.723 951.182
0 234.363 951.843
0 235.002 952.471
0 235.64 953.136
0 236.277 953.759
0 236.913 954.409
0 237.548 955.03
0 238.182 955.667
0 238.816 956.313
0 239.448 956.963
0 240.079 957.581
0 240.71 958.241
0 241.34 958.859
0 241.968 959.504
0 242.596 960.095
0 243.223 960.74
0 243.848 961.355
0 244.473 962.001
0 245.096 962.613
0 245.719 963.264
0 246.341 963.879
0 246.961 964.502
0 247.581 965.117
0 248.199 965.76
0 248.816 966.37
0 249.432 967.025
0 250.048 967.633
0 250.662 968.246
0 251.275 968.833
0 251.886 969.479
0 252.497 970.054
0 253.107 970.707
0 253.715 971.335
0 254.322 971.96
0 254.928 972.557
0 255.533 973.185
0 256.137 973.788
0 256.739 974.406
0 257.341 974.968
0 257.941 975.611
0 258.54 976.209
0 259.137 976.821
0 259.734 977.406
0 260.329 978.022
0 260.923 978.619
0 261.515 979.23
0 262.107 979.812
0 262.697 980.412
0 263.285 981
0 263.873 981.603
0 264.459 982.188
0 265.044 982.763
0 265.627 983.368
0 266.21 983.951
0 266.791 984.511
0 267.37 985.096
0 267.948 985.688
0 268.525 986.286
0 269.1 986.854
0 269.674 987.469
0 270.247 988.041
0 270.818 988.584
0 271.388 989.206
0 271.956 989.739
0 272.523 990.331
0 273.089 990.894
0 273.653 991.474
0 274.215 992.049
0 274.777 992.629
0 275.336 993.174
0 275.895 993.747
0 276.451 994.319
0 277.007 994.859
0 277.56 995.434
0 278.113 995.987
0 278.663 996.552
0 279.213 997.107
0 279.76 997.662
0 280.306 998.209
0 280.851 998.769
0 281.394 999.319
0 281.936 999.871
0 282.476 1000.41
0 283.014 1000.97
0 283.551 1001.48
0 284.086 1002.05
0 284.619 1002.57
0 285.151 1003.1
0 285.682 1003.68
0 286.211 1004.22
0 286.738 1004.74
0 287.263 1005.27
0 287.787 1005.79
0 288.309 1006.33
0 288.83 1006.83
0 289.349 1007.39
0 289.866 1007.9
0 290.382 1008.43
0 290.896 1008.94
0 291.408 1009.48
0 291.918 1009.98
0 292.427 1010.51
0 292.934 1011.01
0 293.44 1011.53
0 293.944 1012.04
0 294.445 1012.56
0 294.946 1013.06
0 295.444 1013.57
0 295.941 1014.07
0 296.436 1014.59
0 296.929 1015.08
0 297.421 1015.59
0 297.91 1016.07
0 298.398 1016.57
0 298.885 1017.06
0 299.369 1017.57
0 299.852 1018.05
0 300.332 1018.53
0 300.811 1019.02
0 301.289 1019.51
0 301.764 1020
0 302.238 1020.47
0 302.709 1020.94
0 303.179 1021.43
0 303.647 1021.9
0 304.113 1022.38
0 304.578 1022.85
0 305.04 1023.33
0 305.501 1023.77
0 305.96 1024.26
0 306.417 1024.71
0 306.872 1025.2
0 307.325 1025.66
0 307.776 1026.12
0 308.226 1026.57
0 308.673 1027.04
0 309.119 1027.48
0 309.563 1027.94
0 310.004 1028.39
0 310.444 1028.84
0 310.882 1029.28
0 311.318 1029.74
0 311.752 1030.18
0 312.185 1030.63
0 312.615 1031.03
0 313.043 1031.5
0 313.47 1031.9
0 313.894 1032.37
0 314.317 1032.79
0 314.737 1033.23
0 315.156 1033.66
0 315.572 1034.08
0 315.987 1034.49
0 316.4 1034.93
0 316.81 1035.35
0 317.219 1035.77
0 317.626 1036.18
0 318.031 1036.59
0 318.434 1036.99
0 318.834 1037.41
0 319.233 1037.82
0 319.63 1038.24
0 320.025 1038.61
0 320.418 1039.04
0 320.808 1039.43
0 321.197 1039.84
0 321.584 1040.23
0 321.969 1040.64
0 322.351 1041
0 322.732 1041.41
0 323.111 1041.77
0 323.487 1042.15
0 323.862 1042.54
0 324.235 1042.93
0 324.605 1043.32
0 324.974 1043.71
0 325.34 1044.07
0 325.705 1044.45
0 326.067 1044.79
0 326.427 1045.2
0 326.786 1045.56
0 327.142 1045.93
0 327.496 1046.28
0 327.848 1046.65
0 328.198 1047
0 328.546 1047.36
0 328.892 1047.71
0 329.236 1048.07
0 329.578 1048.41
0 329.918 1048.77
0 330.256 1049.11
0 330.591 1049.46
0 330.925 1049.79
0 331.256 1050.13
0 331.586 1050.48
0 331.913 1050.83
0 332.238 1051.15
0 332.562 1051.49
0 332.883 1051.8
0 333.202 1052.14
0 333.519 1052.46
0 333.834 1052.77
0 334.147 1053.1
0 334.457 1053.43
0 334.766 1053.73
0 335.073 1054.06
0 335.377 1054.37
0 335.68 1054.69
0 335.98 1054.99
0 336.278 1055.31
0 336.574 1055.6
0 336.869 1055.9
0 337.161 1056.21
0 337.451 1056.49
0 337.739 1056.8
0 338.024 1057.1
0 338.308 1057.37
0 338.59 1057.68
0 338.869 1057.96
0 339.147 1058.26
0 339.422 1058.54
0 339.696 1058.83
0 339.967 1059.09
0 340.236 1059.38
0 340.504 1059.64
0 340.769 1059.93
0 341.032 1060.2
0 341.293 1060.45
0 341.551 1060.74
0 341.808 1061.01
0 342.063 1061.27
0 342.316 1061.54
0 342.566 1061.79
0 342.815 1062.05
0 343.062 1062.28
0 343.306 1062.55
0 343.549 1062.78
0 343.789 1063.03
0 344.027 1063.28
0 344.264 1063.54
0 344.498 1063.78
0 344.73 1064.02
0 344.96 1064.26
0 345.189 1064.5
0 345.415 1064.72
0 345.639 1064.96
0 345.861 1065.19
0 346.081 1065.43
0 346.299 1065.65
0 346.515 1065.88
0 346.729 1066.1
0 346.941 1066.32
0 347.151 1066.54
0 347.359 1066.76
0 347.565 1066.97
0 347.769 1067.18
0 347.971 1067.39
0 348.171 1067.6
0 348.369 1067.81
0 348.565 1068.01
0 348.76 1068.22
0 348.952 1068.42
0 349.142 1068.62
0 349.33 1068.82
0 349.516 1069.01
0 349.701 1069.2
0 349.883 1069.39
0 350.063 1069.58
0 350.242 1069.75
0 350.418 1069.95
0 350.593 1070.12
0 350.766 1070.31
0 350.937 1070.48
0 351.105 1070.67
0 351.272 1070.83
0 351.437 1071.02
0 351.601 1071.19
0 351.762 1071.36
0 351.921 1071.51
0 352.079 1071.69
0 352.234 1071.83
0 352.388 1072.01
0 352.54 1072.17
0 352.69 1072.32
0 352.838 1072.48
0 352.985 1072.62
0 353.129 1072.77
0 353.272 1072.93
0 353.413 1073.08
0 353.552 1073.23
0 353.689 1073.37
0 353.825 1073.52
0 353.958 1073.66
0 354.09 1073.8
0 354.22 1073.93
0 354.349 1074.07
0 354.475 1074.2
0 354.6 1074.34
0 354.723 1074.46
0 354.844 1074.59
0 354.964 1074.71
0 355.082 1074.84
0 355.198 1074.96
0 355.312 1075.09
0 355.425 1075.19
0 355.536 1075.32
0 355.645 1075.44
0 355.753 1075.55
0 355.859 1075.66
0 355.963 1075.78
0 356.066 1075.88
0 356.167 1075.99
0 356.267 1076.1
0 356.364 1076.2
0 356.461 1076.3
0 356.555 1076.41
0 356.648 1076.5
0 356.74 1076.6
0 356.829 1076.7
0 356.918 1076.79
0 357.004 1076.88
0 357.09 1076.98
0 357.173 1077.06
0 357.255 1077.15
0 357.336 1077.24
0 357.415 1077.32
0 357.493 1077.4
0 357.569 1077.48
0 357.643 1077.56
0 357.717 1077.64
0 357.788 1077.72
0 357.859 1077.8
0 357.927 1077.87
0 357.995 1077.94
0 358.061 1078.01
0 358.126 1078.09
0 358.189 1078.15
0 358.251 1078.22
0 358.311 1078.28
0 358.37 1078.35
0 358.428 1078.41
0 358.485 1078.48
0 358.54 1078.53
0 358.594 1078.59
0 358.647 1078.64
0 358.698 1078.71
0 358.748 1078.75
0 358.797 1078.81
0 358.844 1078.86
0 358.891 1078.92
0 358.936 1078.97
0 358.98 1079.02
0 359.023 1079.06
0 359.064 1079.11
0 359.105 1079.15
0 359.144 1079.2
0 359.182 1079.23
0 359.22 1079.28
0 359.256 1079.31
0 359.29 1079.35
0 359.324 1079.39
0 359.357 1079.43
0 359.389 1079.46
0 359.419 1079.49
0 359.449 1079.53
0 359.478 1079.56
0 359.505 1079.59
0 359.532 1079.62
0 359.558 1079.65
0 359.583 1079.68
0 359.607 1079.71
0 359.63 1079.73
0 359.652 1079.76
0 359.673 1079.78
0 359.694 1079.8
0 359.713 1079.82
0 359.732 1079.84
0 359.75 1079.86
0 359.767 1079.88
0 359.783 1079.9
0 359.799 1079.92
0 359.813 1079.94
0 359.828 1079.95
0 359.841 1079.97
0 359.854 1079.98
0 359.866 1080
0 359.877 1080.01
0 359.888 1080.02
0 359.898 1080.03
0 359.907 1080.05
0 359.916 1080.06
0 359.924 1080.06
0 359.932 1080.07
0 359.939 1080.08
0 359.946 1080.09
0 359.952 1080.1
0 359.958 1080.1
0 359.963 1080.11
0 359.968 1080.11
0 359.972 1080.12
0 359.976 1080.12
0 359.98 1080.13
0 359.983 1080.13
0 359.986 1080.13
0 359.988 1080.14
0 359.99 1080.14
0 359.992 1080.14
0 359.994 1080.14
0 359.995 1080.14
0 359.996 1080.14
0 359.997 1080.14
0 359.998 1080.14
0 359.999 1080.14
0 359.999 1080.14
0 360 1080.14
0 360 1080.14
0 360 1080.14
0 360 1080.14
0 360 1080.14
0 360 1080.14
