0 0 0
0 0.122634 0
0 0.489556 0
0 1.09929 0
0 1.95038 0
0 3.04136 0
0 4.37076 0
0 5.93712 0
0 7.739 0
0 9.77493 0
0 12.0435 0
0 14.5432 0
0 17.2726 0
0 20.2303 0
0 23.4148 0
0 26.8248 0
0 30.4587 0
0 34.3152 0
0 38.3928 0
0 42.69 0
0 47.2056 0
0 51.938 0
0 56.8859 0
0 62.0478 0.257143
0 67.4223 0.485714
0 73.008 0.342857
0 78.8036 0.571429
0 84.8075 0.542857
0 91.0185 0.828571
0 97.4352 0.685714
0 104.056 0.714286
0 110.88 0.857143
0 117.905 1.02857
0 125.13 1
0 132.554 1.31429
0 140.175 1.22857
0 147.993 1
0 156.004 1.57143
0 164.21 1.85714
0 172.606 1.82857
0 181.194 1.6
0 189.97 1.88571
0 198.935 2.05714
0 208.085 2.37143
0 217.421 2.51429
0 226.941 2.45714
0 236.643 2.22857
0 246.526 2.91429
0 256.588 2.85714
0 266.83 3.2
0 277.248 3.17143
0 287.842 3.28571
0 298.61 3.48571
0 309.551 3.62857
0 320.664 3.62857
0 331.948 4.22857
0 343.4 3.48571
0 355.021 4.31429
0 366.808 3.85714
0 378.76 4.37143
0 390.876 4.85714
0 403.154 4.94286
0 415.594 5.4
0 428.194 5.17143
0 440.953 5.51429
0 453.869 6.05714
0 466.941 6.25714
0 480.168 6.28571
0 493.549 6.62857
0 507.082 6.08571
0 520.766 6.85714
0 534.6 6.4
0 548.582 7.65714
0 562.712 7.05714
0 576.987 6.97143
0 591.408 7.51429
0 605.971 8.17143
0 620.677 8.37143
0 635.524 8.48571
0 650.511 7.94286
0 665.636 8.54286
0 680.898 8.85714
0 696.296 8.77143
0 711.829 9.6
0 727.496 9.88571
0 743.295 9.77143
0 759.225 9.8
0 775.285 9.77143
0 791.473 10.2857
0 807.789 10.4571
0 824.231 10.9714
0 840.798 11.3429
0 857.489 11.7429
0 874.303 11.3714
0 891.237 11.4571
0 908.292 12.7143
0 925.466 12.3143
0 942.758 12.4
0 960.167 13.6
0 977.69 12.8857
0 995.328 14.0571
0 1013.08 13.7429
0 1030.94 14.4
0 1048.92 14
0 1067 14.5143
0 1085.19 15.0857
0 1103.49 14.8286
0 1121.89 15.2
0 1140.4 15.5714
0 1159.02 15.5143
0 1177.73 16.3143
0 1196.55 16.3714
0 1215.47 16.6
0 1234.48 17.2
0 1253.6 17.4857
0 1272.81 17.2857
0 1292.12 17.4571
0 1311.52 17.9429
0 1331.01 18.5143
0 1350.6 18.3429
0 1370.28 18.2286
0 1390.05 19.1143
0 1409.91 19.5429
0 1429.85 19.2857
0 1449.88 20.2
0 1470 19.7429
0 1490.2 20.4857
0 1510.49 20.2571
0 1530.86 21.5143
0 1551.31 21.4571
0 1571.83 21.5714
0 1592.44 22.0571
0 1613.13 22.3714
0 1633.89 22.7714
0 1654.73 23.1143
0 1675.64 23.2571
0 1696.63 23.8286
0 1717.69 23.8286
0 1738.82 24.3143
0 1760.02 23.8857
0 1781.29 24.3429
0 1802.63 24.4
0 1824.03 25.7143
0 1845.51 25.6
0 1867.04 25.7429
0 1888.64 25.7714
0 1910.31 26.7429
0 1932.03 26.8286
0 1953.82 27.0571
0 1975.67 27.7143
0 1997.57 28.0571
0 2019.53 28.4857
0 2041.55 28.7714
0 2063.63 29.0857
0 2085.76 28.7143
0 2107.94 29.1429
0 2130.18 29.6857
0 2152.47 30.4286
0 2174.8 30.4286
0 2197.19 30.2571
0 2219.63 31.1143
0 2242.11 31.5143
0 2264.64 32.1143
0 2287.22 32.6857
0 2309.84 32.8286
0 2332.51 32.9143
0 2355.21 33.0571
0 2377.96 33.4
0 2400.75 33.6857
0 2423.58 34.1143
0 2446.45 34.2857
0 2469.35 34.6571
0 2492.3 34.5429
0 2515.27 35.6286
0 2538.29 35.6
0 2561.33 36.3429
0 2584.41 36.9429
0 2607.52 36.9143
0 2630.67 37.6571
0 2653.84 37.1429
0 2677.04 38.2857
0 2700.27 37.7714
0 2723.52 37.9143
0 2746.81 38.5143
0 2770.12 39
0 2793.45 39.9714
0 2816.8 40.1714
0 2840.18 40.2857
0 2863.58 40.7714
0 2887 41.9143
0 2910.44 41.4286
0 2933.9 41.4857
0 2957.38 41.2
0 2980.87 41.6
0 3004.38 42.1429
0 3027.91 43.1714
0 3051.45 43.4286
0 3075 44.1714
0 3098.57 45.1143
0 3122.15 44.8286
0 3145.73 44.9143
0 3169.33 44.4286
0 3192.94 44.6571
0 3216.55 45.3429
0 3240.17 45.9143
0 3263.8 46.1714
0 3287.44 47.1714
0 3311.07 46.9429
0 3334.72 48.0571
0 3358.36 48.1143
0 3382.01 47.8286
0 3405.66 48.0857
0 3429.3 48.2286
0 3452.95 48.5714
0 3476.6 49.6
0 3500.24 49.7429
0 3523.88 50.5143
0 3547.52 50.6857
0 3571.15 51.2286
0 3594.78 50.9143
0 3618.4 51.2857
0 3642.01 52.1429
0 3665.62 52.5429
0 3689.21 52.6857
0 3712.8 53.5143
0 3736.37 54.2
0 3759.94 54.0571
0 3783.49 54
0 3807.03 53.9714
0 3830.55 53.7429
0 3854.07 54.6
0 3877.56 55.7714
0 3901.04 56.3714
0 3924.5 56.1714
0 3947.95 55.8857
0 3971.37 56.7429
0 3994.78 56.1714
0 4018.16 56.9143
0 4041.53 57.4
0 4064.87 57.9429
0 4088.2 59.2571
0 4111.49 59.6
0 4134.77 59.0286
0 4158.02 59.4286
0 4181.24 58.6857
0 4204.44 59.2857
0 4227.61 60.5714
0 4250.75 61.0857
0 4273.87 61.2
0 4296.95 62.0571
0 4320.01 62.3714
0 4343.03 61.6571
0 4366.02 62.6571
0 4388.99 63.4857
0 4411.91 63.7143
0 4434.81 64.6571
0 4457.67 63.8
0 4480.49 64.0286
0 4503.28 63.6857
0 4526.03 64.4286
0 4548.75 65.4571
0 4571.42 66.2
0 4594.06 66.1714
0 4616.66 65.7429
0 4639.22 65.9714
0 4661.74 66.5143
0 4684.22 67.8857
0 4706.65 68.3429
0 4729.04 68.8571
0 4751.39 67.9714
0 4773.69 67.6
0 4795.95 68.0857
0 4818.17 69.1429
0 4840.33 69.6571
0 4862.46 70.1714
0 4884.53 70.8857
0 4906.55 70.6
0 4928.53 70.4571
0 4950.46 71.6571
0 4972.33 71.6857
0 4994.16 72.2857
0 5015.93 72.4857
0 5037.65 72.1143
0 5059.32 72.2571
0 5080.94 72.2857
0 5102.5 73.4286
0 5124 73.6857
0 5145.46 73.3714
0 5166.85 74.4857
0 5188.19 73.6857
0 5209.47 75.5429
0 5230.69 76.0571
0 5251.86 76.2
0 5272.96 76.1143
0 5294.01 75.1714
0 5315 75.4571
0 5335.92 77.4857
0 5356.79 77.6
0 5377.59 77.4857
0 5398.33 77.6571
0 5419 77.9429
0 5439.61 78.4571
0 5460.16 79.3714
0 5480.64 79.9714
0 5501.06 78.6571
0 5521.41 78.4
0 5541.69 79.0857
0 5561.91 80.8857
0 5582.06 80.7429
0 5602.14 81.1143
0 5622.15 80.7143
0 5642.09 80.6286
0 5661.96 82.1143
0 5681.76 83.2286
0 5701.48 82.7143
0 5721.14 82.1714
0 5740.73 82.3143
0 5760.24 83.0286
0 5779.67 83.6
0 5799.04 84.1714
0 5818.33 84.0857
0 5837.54 83.6571
0 5856.68 85.2286
0 5875.74 85.8
0 5894.73 85.7143
0 5913.64 84.8286
0 5932.47 84.9143
0 5951.22 85.9429
0 5969.89 87.1714
0 5988.49 87.1143
0 6007 86.4857
0 6025.44 86.2571
0 6043.79 88.0571
0 6062.06 88.8
0 6080.25 88.5143
0 6098.36 88
0 6116.39 87.8
0 6134.33 88.2286
0 6152.19 89.1143
0 6169.96 89.6571
0 6187.65 89.7143
0 6205.26 90
0 6222.78 90.7714
0 6240.21 91.9714
0 6257.56 91
0 6274.81 90.2857
0 6291.99 91.3429
0 6309.07 91.8571
0 6326.07 91.4286
0 6342.97 91.2857
0 6359.79 91.3429
0 6376.52 92.5714
0 6393.16 93.3429
0 6409.71 93.6286
0 6426.16 91.9714
0 6442.53 92.2
0 6458.8 93.8857
0 6474.98 93.7429
0 6491.07 94.6
0 6507.06 93.6571
0 6522.96 94.6571
0 6538.77 95.3143
0 6554.48 95.8857
0 6570.1 94.6286
0 6585.63 94.5714
0 6601.05 95.1429
0 6616.38 96.3429
0 6631.62 95.9429
0 6646.76 95.4
0 6661.8 97.2
0 6676.74 97.9714
0 6691.59 98.0286
0 6706.33 95.8286
0 6720.98 96.8571
0 6735.53 97.8571
0 6749.98 98.0571
0 6764.33 98.7429
0 6778.58 97.8571
0 6792.73 99.0571
0 6806.78 99.7714
0 6820.73 99.3714
0 6834.57 98.1714
0 6848.31 98.7429
0 6861.96 99.9714
0 6875.49 100.629
0 6888.93 99.7429
0 6902.26 100.086
0 6915.49 100.971
0 6928.61 101.886
0 6941.63 101.257
0 6954.55 99.7429
0 6967.36 100.886
0 6980.06 102.514
0 6992.66 102.029
0 7005.15 101.171
0 7017.54 102.371
0 7029.82 103.657
0 7041.99 102.543
0 7054.06 101.314
0 7066.02 102.914
0 7077.87 102.971
0 7089.61 103.8
0 7101.25 103.029
0 7112.77 102.286
0 7124.19 104.886
0 7135.49 105.171
0 7146.69 103.857
0 7157.78 103.629
0 7168.76 104.371
0 7179.62 104.543
0 7190.38 104.514
0 7201.02 104.4
0 7211.56 105.943
0 7221.98 105.714
0 7232.29 104.143
0 7242.49 104.914
0 7252.58 105.829
0 7262.55 105.886
0 7272.42 105.2
0 7282.16 105.029
0 7291.8 107.057
0 7301.32 107.8
0 7310.73 106.171
0 7320.02 106.257
0 7329.2 107.057
0 7338.27 107.086
0 7347.22 107.057
0 7356.06 106.086
0 7364.78 108.229
0 7373.39 109.143
0 7381.88 107.057
0 7390.25 106.2
0 7398.51 108.429
0 7406.66 109.114
0 7414.68 107.257
0 7422.59 106.914
0 7430.39 109
0 7438.06 110.286
0 7445.62 107.543
0 7453.07 107.629
0 7460.39 108.714
0 7467.6 109.229
0 7474.69 109.143
0 7481.66 108.257
0 7488.52 110.6
0 7495.25 110.886
0 7501.87 108.457
0 7508.37 108.629
0 7514.75 109.8
0 7521.01 110.171
0 7527.15 110.057
0 7533.18 109.657
0 7539.08 111.857
0 7544.87 110.943
0 7550.53 109.771
0 7556.08 110.457
0 7561.5 111.057
0 7566.81 110.771
0 7571.99 111.086
0 7577.05 110.943
0 7582 111.971
0 7586.82 111.057
0 7591.53 109.743
0 7596.11 110.657
0 7600.57 111.714
0 7604.91 111.371
0 7609.13 109.943
0 7613.23 111.371
0 7617.2 112.971
0 7621.06 111.171
0 7624.79 110.8
0 7628.41 111.371
0 7631.9 111.857
0 7635.27 112.057
0 7638.51 111.657
0 7641.64 112.543
0 7644.64 112.6
0 7647.52 111.143
0 7650.28 111.029
0 7652.92 112.743
0 7655.44 112.457
0 7657.83 111.371
0 7660.1 112.086
0 7662.25 114.486
0 7664.27 112.2
0 7666.18 111.029
0 7667.96 111.943
0 7669.62 112.829
0 7671.15 112.6
0 7672.56 111.543
0 7673.85 112.629
0 7675.02 113.8
0 7676.06 111.429
0 7676.99 112.229
0 7677.79 113.114
0 7678.46 112.943
0 7679.02 111.686
0 7679.45 112.429
0 7679.75 113.971
0 7679.94 113.6
0 7680 111.829
0 7679.94 112.286
0 7679.76 112.714
0 7679.45 113.286
0 7679.02 112.714
0 7678.47 113.257
0 7677.79 114
0 7676.99 112.771
0 7676.07 111.086
0 7675.03 111.914
0 7673.86 113.914
0 7672.57 112.314
0 7671.16 111.543
0 7669.62 113.8
0 7667.97 113.486
0 7666.19 112.286
0 7664.29 111.314
0 7662.26 112.571
0 7660.11 112.371
0 7657.84 112.257
0 7655.45 112.457
0 7652.94 112.857
0 7650.3 112.543
0 7647.54 112.114
0 7644.66 112.314
0 7641.66 112.943
0 7638.53 111.971
0 7635.29 111.571
0 7631.92 113.257
0 7628.43 113.171
0 7624.81 111.314
0 7621.08 111.086
0 7617.23 112.143
0 7613.25 112.429
0 7609.15 111.886
0 7604.94 110.857
0 7600.59 112.114
0 7596.13 112.971
0 7591.55 110.629
0 7586.85 110.343
0 7582.03 111.886
0 7577.08 112.114
0 7572.02 110.457
0 7566.84 111.429
0 7561.53 113.114
0 7556.11 111.457
0 7550.56 109.771
0 7544.9 109.886
0 7539.12 111.257
0 7533.21 110.8
0 7527.19 109.971
0 7521.05 110.143
0 7514.79 111.914
0 7508.41 110.914
0 7501.91 108.914
0 7495.29 110
0 7488.56 110.857
0 7481.7 109.257
0 7474.73 109.457
0 7467.64 110.229
0 7460.44 111.286
0 7453.11 109.371
0 7445.67 108.886
0 7438.11 110.029
0 7430.43 109.2
0 7422.64 109
0 7414.73 109.486
0 7406.7 109.943
0 7398.56 110.086
0 7390.3 108.657
0 7381.93 108.943
0 7373.44 108.714
0 7364.83 109.029
0 7356.11 107.943
0 7347.27 108.343
0 7338.32 109.229
0 7329.26 107.971
0 7320.08 107.114
0 7310.78 106.743
0 7301.38 107.229
0 7291.85 107.686
0 7282.22 107.257
0 7272.47 107.686
0 7262.61 107.657
0 7252.64 107.543
0 7242.55 106.314
0 7232.35 106.257
0 7222.04 105.857
0 7211.62 106.114
0 7201.09 105.714
0 7190.44 106
0 7179.69 107
0 7168.82 107.229
0 7157.84 105.429
0 7146.76 104.143
0 7135.56 105.429
0 7124.25 105.457
0 7112.84 104.571
0 7101.31 104.914
0 7089.68 105.086
0 7077.94 105.771
0 7066.09 104.857
0 7054.13 102.714
0 7042.06 104.086
0 7029.89 104.486
0 7017.61 103.514
0 7005.23 102.886
0 6992.73 103.886
0 6980.14 104.829
0 6967.43 103.171
0 6954.62 101.486
0 6941.71 102.286
0 6928.69 102.629
0 6915.56 102.314
0 6902.34 101.457
0 6889.01 102.114
0 6875.57 102.914
0 6862.03 101.857
0 6848.39 100.029
0 6834.65 100.4
0 6820.81 101.257
0 6806.86 101.086
0 6792.81 99.9714
0 6778.66 99.4571
0 6764.41 100.514
0 6750.06 101
0 6735.62 99.5714
0 6721.07 98.3429
0 6706.42 99.0857
0 6691.67 99.4571
0 6676.83 99.2571
0 6661.88 98.6857
0 6646.84 98.0571
0 6631.71 98.9143
0 6616.47 99
0 6601.14 96.6
0 6585.71 97.3429
0 6570.19 97.3429
0 6554.57 97.6
0 6538.86 97.3714
0 6523.06 96.2
0 6507.15 96.5429
0 6491.16 97.2857
0 6475.07 96.4571
0 6458.89 94.7714
0 6442.62 95.2286
0 6426.26 95.3714
0 6409.8 95.4
0 6393.25 94.8286
0 6376.62 93.8
0 6359.89 94.1714
0 6343.07 95.2
0 6326.16 94.4857
0 6309.17 93.2
0 6292.09 92.6571
0 6274.91 93.2
0 6257.65 92.8571
0 6240.31 92.3429
0 6222.88 92
0 6205.36 92.4
0 6187.75 92.2857
0 6170.06 92.2571
0 6152.29 90.8857
0 6134.43 90.2
0 6116.49 90.4286
0 6098.46 91.3429
0 6080.36 91.0286
0 6062.17 90.3714
0 6043.9 89.5714
0 6025.54 90.2857
0 6007.11 90.4571
0 5988.59 89
0 5970 87.1429
0 5951.33 87.5143
0 5932.57 88.2286
0 5913.74 88.6
0 5894.84 87.7143
0 5875.85 85.9143
0 5856.79 87.2571
0 5837.65 87
0 5818.44 88
0 5799.15 86.1143
0 5779.79 85.1429
0 5760.35 85.3143
0 5740.84 85.3429
0 5721.25 85.4571
0 5701.6 85.1429
0 5681.87 84.5429
0 5662.07 84.5714
0 5642.2 84.0857
0 5622.26 84.7429
0 5602.25 83.1714
0 5582.17 82.2857
0 5562.02 82.0571
0 5541.81 83
0 5521.53 82.8286
0 5501.18 81.8286
0 5480.76 81.2857
0 5460.28 80.8571
0 5439.73 81.5714
0 5419.12 81.6571
0 5398.45 81.3429
0 5377.71 79.6571
0 5356.91 80.0571
0 5336.04 78.4286
0 5315.12 78.9429
0 5294.13 79.9714
0 5273.09 78.6571
0 5251.98 77.8857
0 5230.82 77.7429
0 5209.59 77.6
0 5188.31 78.7143
0 5166.97 77.4857
0 5145.58 76.1429
0 5124.13 75.6571
0 5102.62 75.9429
0 5081.06 75.8857
0 5059.45 75.7429
0 5037.78 75.5143
0 5016.06 75
0 4994.28 73.6571
0 4972.46 74.2857
0 4950.58 74.8571
0 4928.65 74
0 4906.68 73.3714
0 4884.65 72.0286
0 4862.58 71.8857
0 4840.46 72.3429
0 4818.29 72.4857
0 4796.08 71.9714
0 4773.82 71.2286
0 4751.52 70.0286
0 4729.17 70.8857
0 4706.78 70.6857
0 4684.34 71.0857
0 4661.87 69.3429
0 4639.35 69.1429
0 4616.79 68.2
0 4594.19 68.4571
0 4571.55 68.3143
0 4548.88 68.6
0 4526.16 68.1429
0 4503.41 67.2286
0 4480.62 66.9429
0 4457.8 66.5714
0 4434.94 66.4571
0 4412.04 66.9143
0 4389.12 66.4286
0 4366.16 65.4
0 4343.16 64.6857
0 4320.14 63.9429
0 4297.09 64.3714
0 4274 64.1429
0 4250.89 64.2286
0 4227.74 63.9429
0 4204.57 63.3714
0 4181.38 62.2857
0 4158.15 61.8
0 4134.9 62
0 4111.63 61.9714
0 4088.33 61.4571
0 4065.01 60.9143
0 4041.67 60.8857
0 4018.3 59.4857
0 3994.92 59.5429
0 3971.51 59.3143
0 3948.09 59.6857
0 3924.64 59.0857
0 3901.18 58.3429
0 3877.7 58.4857
0 3854.21 57.9143
0 3830.7 56.9429
0 3807.17 57.1714
0 3783.63 57.2
0 3760.08 56.8857
0 3736.52 57.2286
0 3712.94 56.3429
0 3689.36 55.2571
0 3665.76 54.9714
0 3642.16 54.1714
0 3618.55 54.1714
0 3594.93 53.9714
0 3571.3 54.0286
0 3547.67 53.7429
0 3524.03 53.2857
0 3500.39 53.1714
0 3476.75 52
0 3453.1 51.9429
0 3429.45 51.8571
0 3405.81 51.3714
0 3382.16 50.9714
0 3358.51 51.3429
0 3334.87 50.2857
0 3311.23 50.1429
0 3287.59 49.4286
0 3263.95 48.6
0 3240.33 48.7143
0 3216.71 48.3143
0 3193.09 48.8857
0 3169.48 48.5429
0 3145.89 47.7429
0 3122.3 47.4857
0 3098.72 46.4
0 3075.16 46.0857
0 3051.6 45.8
0 3028.06 45.5143
0 3004.54 45.8857
0 2981.03 45.4286
0 2957.54 44.8286
0 2934.06 44.5714
0 2910.6 44.6857
0 2887.16 43.4286
0 2863.74 43
0 2840.34 42.0286
0 2816.96 41.9714
0 2793.6 42.0857
0 2770.27 41.6286
0 2746.96 41.8
0 2723.68 42.0286
0 2700.43 40.9429
0 2677.2 41.3143
0 2654 40.7714
0 2630.82 40.0857
0 2607.68 39.9429
0 2584.57 39.1714
0 2561.49 38.4857
0 2538.44 38.3429
0 2515.43 38.8
0 2492.45 38.5143
0 2469.51 38.1143
0 2446.61 37.7143
0 2423.74 37.6857
0 2400.91 35.6857
0 2378.12 36.1429
0 2355.37 35.7143
0 2332.66 34.5143
0 2310 34.9429
0 2287.38 34.7714
0 2264.8 34.9143
0 2242.27 34.1429
0 2219.79 34.3714
0 2197.35 33.7143
0 2174.96 33.4571
0 2152.63 33
0 2130.34 32.8286
0 2108.1 31.8571
0 2085.92 31.7714
0 2063.79 31.6857
0 2041.71 31.0286
0 2019.69 30.3143
0 1997.73 30.8
0 1975.82 30.4286
0 1953.98 30.5714
0 1932.19 29.7429
0 1910.47 29.4
0 1888.8 29.4857
0 1867.2 29.0286
0 1845.66 28.5143
0 1824.19 28.2857
0 1802.79 27.2
0 1781.45 26.8
0 1760.18 26.7429
0 1738.98 26
0 1717.85 26.4
0 1696.79 26.4286
0 1675.8 25.8
0 1654.89 25.7143
0 1634.05 25.1143
0 1613.28 24.5143
0 1592.6 25.0857
0 1571.99 24.3714
0 1551.46 24.6
0 1531.01 23.8
0 1510.64 23.5143
0 1490.36 23.0571
0 1470.16 23.0571
0 1450.04 22.4857
0 1430 21.7714
0 1410.06 22
0 1390.2 21.5429
0 1370.43 21.0571
0 1350.75 20
0 1331.17 20.4571
0 1311.67 19.8857
0 1292.27 20.4286
0 1272.96 19.9429
0 1253.75 19.7714
0 1234.63 19.0286
0 1215.62 19.1714
0 1196.7 18.8
0 1177.88 18.5429
0 1159.16 17.7714
0 1140.55 17.6857
0 1122.04 17.7429
0 1103.63 17.4286
0 1085.34 16.7429
0 1067.14 16.8857
0 1049.06 16.5143
0 1031.09 15.8286
0 1013.22 15.7143
0 995.47 15.8
0 977.831 14.8
0 960.307 14.7429
0 942.898 14.6286
0 925.605 14.7714
0 908.43 13.8571
0 891.375 14.0286
0 874.439 13.3143
0 857.625 13.2286
0 840.933 12.9714
0 824.365 13.2571
0 807.923 12.9143
0 791.606 12.8286
0 775.417 12.1143
0 759.356 12.1143
0 743.425 11.8571
0 727.625 11.3714
0 711.958 11.1143
0 696.424 11.2286
0 681.025 10.6286
0 665.762 10.9143
0 650.636 9.91429
0 635.648 10.5143
0 620.8 10.0286
0 606.093 9.94286
0 591.529 9.74286
0 577.108 9.48571
0 562.831 9.57143
0 548.7 8.6
0 534.717 8.91429
0 520.882 8.71429
0 507.197 7.57143
0 493.663 7.34286
0 480.281 7.57143
0 467.053 7.6
0 453.98 7.8
0 441.062 7.37143
0 428.303 7.02857
0 415.701 6.94286
0 403.26 6.6
0 390.98 6.45714
0 378.863 6.05714
0 366.91 6
0 355.121 6
0 343.5 5
0 332.046 4.82857
0 320.761 5.54286
0 309.647 5.42857
0 298.704 4.62857
0 287.934 4.25714
0 277.339 4.68571
0 266.919 4.4
0 256.677 3.97143
0 246.613 4.2
0 236.728 4.11429
0 227.025 4.05714
0 217.504 3.74286
0 208.166 3.71429
0 199.014 3.42857
0 190.048 3.25714
0 181.27 3.11429
0 172.681 3.08571
0 164.283 2.57143
0 156.076 2.74286
0 148.063 2.62857
0 140.244 2.91429
0 132.621 2.31429
0 125.195 1.82857
0 117.968 1.82857
0 110.941 1.97143
0 104.116 2.14286
0 97.4933 1.34286
0 91.075 1.57143
0 84.8622 1.25714
0 78.8565 1.45714
0 73.0591 1.2
0 67.4715 0.828571
0 62.0952 1.02857
0 56.9314 1
0 51.9817 1.02857
0 47.2474 0.828571
0 42.7299 0.685714
0 38.4307 0.6
0 34.3512 0.571429
0 30.4928 0.571429
0 26.8569 0.314286
0 23.4449 0.314286
0 20.2584 0.314286
0 17.2986 0.257143
0 14.5671 0.257143
0 12.0653 0.171429
0 9.7947 0.171429
0 7.75665 0.171429
0 5.95264 0.142857
0 4.38412 0.114286
0 3.05254 0.0857143
0 1.95937 0
0 1.10607 0
0 0.494097 0
0 0.12492 0
0 1.06238e-05 0
