0 0 0
0.001 0.0017964 0
0.002 0.00717123 0
0.003 0.0161029 0
0.004 0.0285701 0
0.005 0.0445511 0
0.006 0.0640247 0
0.007 0.0869695 0
0.008 0.113364 0
0.009 0.143187 0
0.01 0.176418 0
0.011 0.213035 0
0.012 0.253017 0
0.013 0.296342 0
0.014 0.342991 0
0.015 0.392941 0
0.016 0.446172 0
0.017 0.502664 0
0.018 0.562394 0
0.019 0.625342 0
0.02 0.691488 0
0.021 0.760811 0
0.022 0.833289 0
0.023 0.908903 0
0.024 0.987631 0
0.025 1.06945 0.342857
0.026 1.15435 0.514286
0.027 1.2423 0.485714
0.028 1.33328 0.542857
0.029 1.42727 0.942857
0.03 1.52426 0.771429
0.031 1.62422 0.885714
0.032 1.72712 0.942857
0.033 1.83296 1.34286
0.034 1.94171 1.05714
0.035 2.05335 1.2
0.036 2.16786 1.28571
0.037 2.28522 1.48571
0.038 2.40541 1.57143
0.039 2.52841 1.4
0.04 2.65421 1.74286
0.041 2.78277 2.14286
0.042 2.91408 2.17143
0.043 3.04813 2.4
0.044 3.18488 2.14286
0.045 3.32433 2.4
0.046 3.46645 2.57143
0.047 3.61122 2.94286
0.048 3.75862 2.71429
0.049 3.90864 3.34286
0.05 4.06125 3.02857
0.051 4.21643 3.31429
0.052 4.37417 3.54286
0.053 4.53444 3.82857
0.054 4.69723 3.4
0.055 4.86251 4
0.056 5.03028 3.68571
0.057 5.2005 4.34286
0.058 5.37316 4.6
0.059 5.54824 4.25714
0.06 5.72572 4.82857
0.061 5.90558 5.14286
0.062 6.08781 4.91429
0.0629999 6.27238 4.88571
0.064 6.45927 5.51429
0.065 6.64847 5.77143
0.066 6.83996 6.14286
0.067 7.03372 6.14286
0.068 7.22972 6.31429
0.069 7.42796 6.97143
0.07 7.62841 6.22857
0.071 7.83105 6.68571
0.072 8.03587 6.22857
0.073 8.24285 7.4
0.074 8.45196 7.25714
0.075 8.6632 7.77143
0.076 8.87653 7.91429
0.077 9.09195 7.91429
0.078 9.30943 8.05714
0.079 9.52897 8.85714
0.08 9.75052 8.82857
0.081 9.97409 8.82857
0.082 10.1997 8.68571
0.083 10.4272 9.94286
0.084 10.6567 9.02857
0.085 10.8881 10.3143
0.086 11.1215 10.2286
0.087 11.3567 10.3429
0.088 11.5938 10.3143
0.089 11.8328 11.0286
0.09 12.0737 10.4286
0.091 12.3164 10.9429
0.092 12.5609 10.8286
0.093 12.8072 11.4286
0.094 13.0552 12.0286
0.095 13.3051 12.1143
0.096 13.5566 12.3429
0.097 13.8099 12.7143
0.098 14.0649 12.6286
0.099 14.3216 13.1143
0.1 14.58 12.8571
0.101 14.84 13.5429
0.102 15.1017 13.6857
0.103 15.365 13.7143
0.104 15.6299 14.1143
0.105 15.8963 14.6
0.106 16.1644 14.4286
0.107 16.434 15.1429
0.108 16.7051 15.4286
0.109 16.9778 15.8286
0.11 17.2519 16.2857
0.111 17.5276 16.2286
0.112 17.8047 16.4
0.113 18.0833 16.5429
0.114 18.3633 16.9429
0.115 18.6447 17.2
0.116 18.9275 17.0857
0.117 19.2117 18.2
0.118 19.4973 18.1143
0.119 19.7842 18.0571
0.12 20.0725 18.6286
0.121 20.362 19.0571
0.122 20.6529 18.6857
0.123 20.9451 19.8286
0.124 21.2385 19.3714
0.125 21.5332 19.9714
0.126 21.8292 19.9429
0.127 22.1263 21
0.128 22.4247 21.2286
0.129 22.7242 21.2286
0.13 23.0249 21.6571
0.131 23.3268 21.7429
0.132 23.6298 22.8
0.133 23.934 22.6286
0.134 24.2392 22.4571
0.135 24.5455 23
0.136 24.853 23.4
0.137 25.1615 23.3429
0.138 25.471 23.9714
0.139 25.7815 24.0286
0.14 26.0931 24.7429
0.141 26.4057 25.2857
0.142 26.7193 24.4857
0.143 27.0338 25.3143
0.144 27.3493 25.9429
0.145 27.6657 26
0.146 27.983 26.4
0.147 28.3013 27
0.148 28.6204 27.8
0.149 28.9404 27.4857
0.15 29.2613 27.6286
0.151 29.583 28.5714
0.152 29.9056 29.2
0.153 30.2289 29
0.154 30.5531 29.1429
0.155 30.8781 29.8286
0.156 31.2038 29.0286
0.157 31.5303 30
0.158 31.8575 30.0286
0.159 32.1854 30.2286
0.16 32.5141 30.5429
0.161 32.8435 31.5143
0.162 33.1735 31.7143
0.163 33.5042 31.8
0.164 33.8356 32.2
0.165 34.1676 32.8857
0.166 34.5002 33.1714
0.167 34.8334 33.5429
0.168 35.1673 33.8571
0.169 35.5017 34.1429
0.17 35.8366 34.7143
0.171 36.1722 34.8286
0.172 36.5082 34.6
0.173 36.8448 34.9143
0.174 37.1819 35.8857
0.175 37.5195 36.4
0.176 37.8576 36.3714
0.177 38.1961 37.1714
0.178 38.5351 37.5429
0.179 38.8746 38.0571
0.18 39.2144 37.8857
0.181 39.5547 37.6286
0.182 39.8954 38.4857
0.183 40.2364 38.4857
0.184 40.5779 39.2
0.185 40.9197 38.8
0.186 41.2618 39.4286
0.187 41.6042 40.3714
0.188 41.947 40.2286
0.189 42.2901 41.1714
0.19 42.6334 41.7143
0.191 42.9771 41.6857
0.192 43.321 41.8857
0.193 43.6651 42
0.194 44.0095 42.2286
0.195 44.3541 43.1429
0.196 44.699 42.8857
0.197 45.044 43.9429
0.198 45.3892 44.6286
0.199 45.7346 45.0857
0.2 46.0801 45.2286
0.201 46.4257 44.8857
0.202 46.7715 44.9429
0.203 47.1175 45.1143
0.204 47.4635 45.7714
0.205 47.8096 45.6571
0.206 48.1558 46.9143
0.207 48.5021 47.1429
0.208 48.8484 48
0.209 49.1948 47.8
0.21 49.5411 48.2857
0.211 49.8876 48.5143
0.212 50.234 48.6
0.213 50.5804 48.7714
0.214 50.9267 49.6
0.215 51.2731 50.0571
0.216 51.6194 50.4286
0.217 51.9656 50.9143
0.218 52.3118 51.0571
0.219 52.6579 51.0286
0.22 53.0039 50.8
0.221 53.3498 51.3429
0.222 53.6956 50.8286
0.223 54.0412 52.8286
0.224 54.3867 52.8286
0.225 54.732 53.4857
0.226 55.0772 54
0.227 55.4222 53.8857
0.228 55.767 53.4286
0.229 56.1116 54.1143
0.23 56.456 54.6286
0.231 56.8002 55.5429
0.232 57.1441 56.2857
0.233 57.4878 56.9429
0.234 57.8312 56.7143
0.235 58.1744 56.7714
0.236 58.5173 56.9429
0.237 58.8598 56.8286
0.238 59.2021 57.8286
0.239 59.5441 58.3143
0.24 59.8857 58.6571
0.241 60.227 59.1143
0.242 60.5679 59.5714
0.243 60.9085 59.4571
0.244 61.2486 59.9714
0.245 61.5885 60.3714
0.246 61.9279 60.8571
0.247 62.2669 60.9429
0.248 62.6055 61.5714
0.249 62.9436 61.4286
0.25 63.2814 61.5143
0.251 63.6186 61.8
0.252 63.9554 62.6
0.253 64.2918 62.3429
0.254 64.6276 64
0.255 64.963 64.1143
0.256 65.2979 64.3429
0.257 65.6322 63.6286
0.258 65.966 64.2
0.259 66.2993 65.1143
0.26 66.632 66
0.261 66.9642 66.3714
0.262 67.2958 66.5143
0.263 67.6269 66.2
0.264 67.9573 66
0.265 68.2872 65.8286
0.266 68.6164 67.2
0.267 68.9451 67.4
0.268 69.2731 68.0571
0.269 69.6004 68.7143
0.27 69.9272 68.5714
0.271 70.2532 68.5714
0.272 70.5786 69.4286
0.273 70.9033 70.1714
0.274 71.2274 70.3429
0.275 71.5507 70.3714
0.276 71.8733 69.8286
0.277 72.1952 70.1429
0.278 72.5164 70.5143
0.279 72.8369 71.6286
0.28 73.1566 72.6
0.281 73.4755 72.2
0.282 73.7937 71.6286
0.283 74.1111 72.1429
0.284 74.4278 73.2286
0.285 74.7436 74.1714
0.286 75.0586 74.5143
0.287 75.3729 74
0.288 75.6863 73.2
0.289 75.9989 73.2857
0.29 76.3106 75.2
0.291 76.6215 75.2857
0.292 76.9315 75.7429
0.293 77.2407 76.2571
0.294 77.549 76.5429
0.295 77.8564 76.8286
0.296 78.1629 77.6857
0.297 78.4685 77.7429
0.298 78.7733 77.8
0.299 79.077 77.5429
0.3 79.3799 77.0571
0.301 79.6818 78.1143
0.302 79.9828 78.9429
0.303 80.2828 79.6857
0.304 80.5819 78.8571
0.305 80.88 79.4286
0.306 81.1771 80.4857
0.307 81.4733 81
0.308 81.7684 82
0.309 82.0625 81.6571
0.31 82.3557 80.0857
0.311 82.6477 81.0571
0.312 82.9388 81.4857
0.313 83.2289 82.5143
0.314 83.5178 82.8
0.314999 83.8058 83.2
0.315999 84.0927 81.9143
0.316999 84.3785 83.0571
0.317999 84.6632 84.4857
0.318999 84.9469 84.7429
0.319999 85.2294 83.7143
0.320999 85.5109 83.3714
0.321999 85.7912 84.5429
0.322999 86.0704 84.8571
0.323999 86.3485 85.7429
0.324999 86.6255 85.6286
0.325999 86.9014 84.8857
0.326999 87.1761 86.2857
0.327999 87.4496 87.2
0.328999 87.722 86.9714
0.329999 87.9932 86.8857
0.330999 88.2632 85.5429
0.331999 88.5321 87.7429
0.332999 88.7997 87.4571
0.333999 89.0662 88.4571
0.334999 89.3315 88.6
0.335999 89.5955 88.0857
0.336999 89.8583 89.0286
0.337999 90.1199 90.0571
0.338999 90.3803 90.1143
0.339999 90.6394 89.0571
0.340999 90.8973 88.7429
0.341999 91.1539 90.2857
0.342999 91.4093 90.6
0.343999 91.6634 90.9429
0.344999 91.9162 89.7714
0.345999 92.1678 91.0286
0.346999 92.418 92.4
0.347999 92.667 92.7143
0.348999 92.9147 91.3714
0.349999 93.161 91.4
0.350999 93.4061 92.1714
0.351999 93.6498 92.9143
0.352999 93.8922 92.7714
0.353999 94.1332 93.2286
0.354999 94.3729 92.3143
0.355999 94.6113 94.4857
0.356999 94.8484 94.5714
0.357999 95.084 94.1143
0.358999 95.3183 93.3429
0.359999 95.5512 93.8571
0.360999 95.7828 95.0571
0.361999 96.013 95.6
0.362999 96.2417 95.1143
0.363999 96.4691 95
0.364999 96.6951 95.9714
0.365999 96.9197 97.7429
0.366999 97.1429 96.2
0.367999 97.3646 95.3143
0.368999 97.5849 96.2857
0.369999 97.8038 96.8857
0.370999 98.0213 97.6857
0.371999 98.2373 96.9429
0.372999 98.4519 97.2857
0.373999 98.665 98.3714
0.374999 98.8767 99.3714
0.375999 99.0869 98.2286
0.376999 99.2956 97.1143
0.377999 99.5029 98.6286
0.378999 99.7087 99.5714
0.379999 99.913 99.3714
0.380999 100.116 98.4857
0.381999 100.317 99.5429
0.382999 100.517 100.543
0.383999 100.715 100.743
0.384999 100.912 99.2286
0.385999 101.107 99.7714
0.386999 101.301 100.686
0.387999 101.493 101.343
0.388999 101.684 101.086
0.389999 101.873 100.657
0.390999 102.061 102.029
0.391998 102.247 102.143
0.392998 102.432 101.657
0.393998 102.615 100.714
0.394998 102.796 101.314
0.395998 102.976 103.029
0.396998 103.154 102.686
0.397998 103.331 101.714
0.398998 103.506 102.714
0.399998 103.68 104.486
0.400998 103.852 104.057
0.401998 104.022 102.371
0.402998 104.191 102.657
0.403998 104.358 104
0.404998 104.524 104.257
0.405998 104.688 103.371
0.406998 104.85 103.886
0.407998 105.011 104.914
0.408998 105.17 105.829
0.409998 105.328 104.286
0.410998 105.484 103.486
0.411998 105.638 105.314
0.412998 105.791 105.771
0.413998 105.942 105.257
0.414998 106.091 104.6
0.415998 106.239 106.486
0.416998 106.385 107.8
0.417998 106.53 105.629
0.418998 106.672 104.4
0.419998 106.813 105.6
0.420998 106.953 106.657
0.421998 107.091 106.714
0.422998 107.227 106.514
0.423998 107.361 107.914
0.424998 107.494 108.829
0.425998 107.625 106.571
0.426998 107.755 105.943
0.427998 107.883 107.971
0.428998 108.009 108.571
0.429998 108.133 106.829
0.430998 108.256 106.914
0.431998 108.377 108.514
0.432998 108.496 109.457
0.433998 108.614 107.514
0.434998 108.729 107.114
0.435998 108.844 108.686
0.436998 108.956 109.6
0.437998 109.067 108.429
0.438998 109.176 108.4
0.439998 109.283 110.2
0.440998 109.389 110.086
0.441998 109.493 109
0.442998 109.595 108.514
0.443998 109.695 109.743
0.444998 109.794 109.629
0.445998 109.891 109.314
0.446998 109.986 109.429
0.447998 110.079 111.029
0.448998 110.171 111.286
0.449998 110.261 108.971
0.450998 110.349 109.343
0.451998 110.436 110.229
0.452998 110.52 110.457
0.453998 110.603 110.114
0.454998 110.685 110.029
0.455998 110.764 110.914
0.456998 110.842 111.4
0.457998 110.918 109.829
0.458998 110.992 110.143
0.459998 111.064 111.629
0.460998 111.135 111.686
0.461998 111.204 109.457
0.462998 111.271 111.4
0.463998 111.336 113.314
0.464998 111.4 111.029
0.465998 111.462 110.114
0.466998 111.522 110.571
0.467998 111.58 111.629
0.468998 111.637 111.8
0.469997 111.691 110.714
0.470997 111.744 112.429
0.471997 111.795 113.029
0.472997 111.845 111.543
0.473997 111.892 110.229
0.474997 111.938 111.8
0.475997 111.982 112.6
0.476997 112.024 111.143
0.477997 112.065 111.886
0.478997 112.103 112.743
0.479997 112.14 112.857
0.480997 112.175 111.257
0.481997 112.209 111.829
0.482997 112.24 112.914
0.483997 112.27 111.971
0.484997 112.298 111.886
0.485997 112.324 112.457
0.486997 112.348 113.2
0.487997 112.37 112.657
0.488997 112.391 110.8
0.489997 112.41 112.371
0.490997 112.427 113.029
0.491997 112.442 112.514
0.492997 112.456 111.4
0.493997 112.468 112.914
0.494997 112.477 114.514
0.495997 112.486 111.057
0.496997 112.492 111.229
0.497997 112.496 112.2
0.498997 112.499 112.743
0.499997 112.5 112.686
0.500997 112.499 112.257
0.501997 112.496 114.086
0.502997 112.492 112.686
0.503997 112.486 111.086
0.504997 112.478 112.571
0.505997 112.468 113.286
0.506997 112.456 112.514
0.507997 112.442 111.686
0.508997 112.427 112.686
0.509997 112.41 113.771
0.510997 112.391 112.514
0.511997 112.371 111.771
0.512997 112.348 112.229
0.513997 112.324 113.171
0.514997 112.298 112.629
0.515997 112.27 112.343
0.516997 112.24 112.886
0.517997 112.209 112.914
0.518997 112.175 111.343
0.519997 112.14 111.4
0.520997 112.104 112.886
0.521997 112.065 112.771
0.522997 112.025 111.171
0.523997 111.982 112.371
0.524997 111.938 114.114
0.525997 111.893 111.8
0.526997 111.845 111.314
0.527997 111.796 111.571
0.528997 111.745 112.629
0.529997 111.692 112.514
0.530997 111.637 111.257
0.531997 111.58 112.057
0.532997 111.522 113.6
0.533997 111.462 111.571
0.534997 111.4 110.314
0.535997 111.337 112.343
0.536997 111.271 112.229
0.537997 111.204 110.514
0.538997 111.135 111.429
0.539997 111.065 112.686
0.540997 110.992 112.114
0.541997 110.918 109.971
0.542997 110.842 110.229
0.543997 110.765 111.314
0.544997 110.685 111
0.545997 110.604 110.457
0.546997 110.521 110.886
0.547997 110.436 111.771
0.548997 110.35 111.686
0.549996 110.262 109.857
0.550996 110.172 111
0.551996 110.08 111.257
0.552996 109.986 110.714
0.553996 109.891 109.486
0.554996 109.794 110.857
0.555996 109.696 111.743
0.556996 109.595 110.4
0.557996 109.493 108.371
0.558996 109.389 109.914
0.559996 109.284 109.714
0.560996 109.176 109.457
0.561996 109.067 109.057
0.562996 108.957 109.714
0.563996 108.844 110.486
0.564996 108.73 109.143
0.565996 108.614 108.114
0.566996 108.497 108.943
0.567996 108.377 109.457
0.568996 108.256 108.486
0.569996 108.134 107.8
0.570996 108.009 109.2
0.571996 107.883 109.457
0.572996 107.756 107.8
0.573996 107.626 107.086
0.574996 107.495 107.371
0.575996 107.362 108.457
0.576996 107.228 107.429
0.577996 107.092 107.943
0.578996 106.954 108.629
0.579996 106.814 108.257
0.580996 106.673 107.029
0.581996 106.53 106.6
0.582996 106.386 107.486
0.583996 106.24 107.457
0.584996 106.092 106.571
0.585996 105.943 106.657
0.586996 105.792 106.971
0.587996 105.639 107.4
0.588996 105.485 105.743
0.589996 105.329 105.114
0.590996 105.171 105.886
0.591996 105.012 106.086
0.592996 104.851 105.314
0.593996 104.689 105.171
0.594996 104.525 106.029
0.595996 104.359 106.6
0.596996 104.192 104.343
0.597996 104.023 103.543
0.598996 103.853 105.171
0.599996 103.681 104.771
0.600996 103.507 104.086
0.601996 103.332 103.371
0.602996 103.155 104.486
0.603996 102.977 105.2
0.604996 102.797 103.057
0.605996 102.616 102.371
0.606996 102.433 103.171
0.607996 102.248 103.514
0.608996 102.062 103.686
0.609996 101.874 101.886
0.610996 101.685 102.771
0.611996 101.494 103.771
0.612996 101.302 102.171
0.613996 101.108 100.743
0.614996 100.913 101.314
0.615996 100.716 102.2
0.616996 100.518 101.771
0.617996 100.318 100.657
0.618996 100.117 100.771
0.619996 99.9141 101.229
0.620996 99.7099 101.971
0.621996 99.5041 100
0.622996 99.2968 99.5714
0.623996 99.0881 100.314
0.624996 98.8779 99.6857
0.625996 98.6662 99.7714
0.626996 98.4531 98.9714
0.627995 98.2386 99.1714
0.628995 98.0225 99.8286
0.629995 97.8051 99
0.630995 97.5862 98.2
0.631995 97.3659 97.6286
0.632995 97.1441 98.0571
0.633995 96.921 98.6571
0.634995 96.6964 97.4857
0.635995 96.4704 96.9714
0.636995 96.243 97.5143
0.637995 96.0143 98.8286
0.638995 95.7841 96.4286
0.639995 95.5526 95.9429
0.640995 95.3196 95.5714
0.641995 95.0854 96.1143
0.642995 94.8497 95.9714
0.643995 94.6127 95.2857
0.644995 94.3743 95.0571
0.645995 94.1346 95.6857
0.646995 93.8936 96.1143
0.647995 93.6512 94.8
0.648995 93.4075 93.6857
0.649995 93.1624 93.4857
0.650995 92.9161 94.2857
0.651995 92.6684 93.7714
0.652995 92.4195 93
0.653995 92.1692 92.5714
0.654995 91.9177 93.0286
0.655995 91.6649 93.9714
0.656995 91.4108 92.7429
0.657995 91.1554 91.7143
0.658995 90.8988 91.8286
0.659995 90.6409 91.6
0.660995 90.3818 91.7143
0.661995 90.1214 91.3429
0.662995 89.8598 90.3143
0.663995 89.597 91.3714
0.664995 89.333 91.2
0.665995 89.0677 91
0.666995 88.8013 90
0.667995 88.5336 89.0286
0.668995 88.2648 88.8286
0.669995 87.9948 89.1429
0.670995 87.7235 89.1714
0.671995 87.4512 88.1429
0.672995 87.1776 88
0.673995 86.903 88.3143
0.674995 86.6271 89.4286
0.675995 86.3501 87.8
0.676995 86.072 86.9714
0.677995 85.7928 86.8
0.678995 85.5125 86.7714
0.679995 85.231 86.7429
0.680995 84.9485 86.2571
0.681995 84.6648 85.7429
0.682995 84.3801 85.7429
0.683995 84.0943 85.9429
0.684995 83.8074 86.2857
0.685995 83.5195 84.6286
0.686995 83.2305 84.0857
0.687995 82.9405 83.6571
0.688995 82.6494 84.0286
0.689995 82.3573 84.1714
0.690995 82.0642 83.7143
0.691995 81.7701 82.3143
0.692995 81.475 82.2286
0.693995 81.1788 83.1714
0.694995 80.8817 83.7714
0.695995 80.5836 81.6857
0.696995 80.2846 80.8857
0.697995 79.9845 81.0286
0.698995 79.6836 80.6857
0.699995 79.3816 81.1143
0.700995 79.0788 81.0286
0.701995 78.775 80.0286
0.702995 78.4703 79.4286
0.703995 78.1647 80.0286
0.704994 77.8582 79.8857
0.705994 77.5508 79.8
0.706994 77.2425 78.2
0.707994 76.9333 77.4571
0.708994 76.6233 77.1714
0.709994 76.3124 77.7714
0.710994 76.0007 78.1714
0.711994 75.6881 76.9714
0.712994 75.3747 77.0857
0.713994 75.0605 75.3429
0.714994 74.7454 75.9429
0.715994 74.4296 76.2571
0.716994 74.113 76.4
0.717994 73.7956 75.8
0.718994 73.4774 74.6
0.719994 73.1584 73.7143
0.720994 72.8387 74.0286
0.721994 72.5183 74.2571
0.722994 72.1971 73.8571
0.723994 71.8752 72.9143
0.724994 71.5526 73.1143
0.725994 71.2292 72.7143
0.726994 70.9052 72.7429
0.727994 70.5805 72.6571
0.728994 70.2551 72.2857
0.729994 69.929 70.8571
0.730994 69.6023 70.4571
0.731994 69.275 70.0286
0.732994 68.947 70.7143
0.733994 68.6183 69.6286
0.734994 68.2891 70.2571
0.735994 67.9592 69.3714
0.736994 67.6288 68.7143
0.737994 67.2977 68.8
0.738994 66.9661 69
0.739994 66.6339 68.6
0.740994 66.3012 69.0571
0.741994 65.9679 66.9429
0.742994 65.6341 67.0286
0.743994 65.2998 66.2857
0.744994 64.9649 66.2286
0.745994 64.6296 66.8
0.746994 64.2937 66.7714
0.747994 63.9574 65.2
0.748994 63.6206 65.2286
0.749994 63.2833 64.7143
0.750994 62.9456 64.2857
0.751994 62.6074 64.1429
0.752994 62.2688 64.3429
0.753994 61.9298 64.0286
0.754994 61.5904 62.8571
0.755994 61.2506 61.6857
0.756994 60.9104 62
0.757994 60.5699 62.2571
0.758994 60.229 61.4571
0.759994 59.8877 61.7143
0.760994 59.5461 62.0857
0.761994 59.2041 60.6857
0.762994 58.8619 60.4
0.763994 58.5193 58.8857
0.764994 58.1764 59.9143
0.765994 57.8333 59.5429
0.766994 57.4899 58.8286
0.767994 57.1462 59.3429
0.768994 56.8023 58.3143
0.769994 56.4581 57.6
0.770994 56.1137 57
0.771994 55.7691 57.5714
0.772994 55.4243 56.2857
0.773994 55.0793 57.2571
0.774994 54.7342 56.6
0.775994 54.3888 55.7429
0.776994 54.0433 56.0286
0.777994 53.6977 55.3143
0.778994 53.3519 54.8571
0.779994 53.006 54.4286
0.780994 52.6601 54.4286
0.781994 52.314 54.4571
0.782993 51.9678 54.4286
0.783993 51.6216 53.7143
0.784993 51.2753 52.8286
0.785993 50.9289 51.8571
0.786993 50.5825 51.6571
0.787993 50.2361 51.6286
0.788993 49.8897 51.0857
0.789993 49.5433 51.1143
0.790993 49.197 50.7714
0.791993 48.8506 50.5143
0.792993 48.5043 50.2571
0.793993 48.158 49.7429
0.794993 47.8118 49.3143
0.795993 47.4657 48.3143
0.796993 47.1197 48.5143
0.797993 46.7738 48.4
0.798993 46.428 48.7429
0.799993 46.0823 48.2286
0.800993 45.7368 47.6571
0.801993 45.3914 47.0286
0.802993 45.0462 46.0857
0.803993 44.7012 45.4286
0.804993 44.3564 45.3714
0.805993 44.0118 45.0571
0.806993 43.6674 44.7429
0.807993 43.3233 44.5143
0.808993 42.9794 44.9429
0.809993 42.6357 45.2286
0.810993 42.2924 44.0571
0.811993 41.9493 43.5714
0.812993 41.6065 43.1143
0.813993 41.2641 42.7714
0.814993 40.9219 42.6857
0.815993 40.5802 41.8571
0.816993 40.2387 41.9143
0.817993 39.8977 41.5429
0.818993 39.557 41.5714
0.819993 39.2167 40.8571
0.820993 38.8769 40.0571
0.821993 38.5374 39.4286
0.822993 38.1984 39.6571
0.823993 37.8599 38.7429
0.824993 37.5218 39.1429
0.825993 37.1842 39.0571
0.826993 36.8471 38.2
0.827993 36.5106 38.0857
0.828993 36.1745 38.2286
0.829993 35.839 37.6
0.830993 35.504 37.2571
0.831993 35.1696 36.7714
0.832993 34.8358 36.2286
0.833993 34.5025 35.2857
0.834993 34.1699 35.5714
0.835993 33.8379 35.1143
0.836993 33.5065 34.6286
0.837993 33.1758 34.3429
0.838993 32.8458 34.3714
0.839993 32.5164 34.2
0.840993 32.1878 33.9714
0.841993 31.8598 33.7714
0.842993 31.5326 33.4
0.843993 31.2061 32.2857
0.844993 30.8804 32.1714
0.845993 30.5554 31.9429
0.846993 30.2313 31.5143
0.847993 29.9079 30.7714
0.848993 29.5853 30.9429
0.849993 29.2636 30.3714
0.850993 28.9427 30.3714
0.851993 28.6227 29.5429
0.852993 28.3036 30.0857
0.853993 27.9853 29.4857
0.854993 27.668 29.4571
0.855993 27.3516 29.0571
0.856993 27.0361 28.5429
0.857993 26.7216 27.9429
0.858993 26.408 28.0571
0.859993 26.0954 28.2286
0.860992 25.7838 27.2857
0.861992 25.4733 27.3143
0.862992 25.1638 26.3143
0.863992 24.8553 26.3143
0.864992 24.5478 26.3714
0.865992 24.2415 24.9714
0.866992 23.9362 25.2571
0.867992 23.6321 25.3714
0.868992 23.3291 24.6571
0.869992 23.0272 24.3429
0.870992 22.7265 23.8
0.871992 22.4269 23.6286
0.872992 22.1286 23.0571
0.873992 21.8314 22.6571
0.874992 21.5355 22.3429
0.875992 21.2408 21.9429
0.876992 20.9473 22.2286
0.877992 20.6552 21.8
0.878992 20.3643 20.9714
0.879992 20.0747 21.2
0.880992 19.7864 21.2286
0.881992 19.4995 20.5143
0.882992 19.2139 20.8571
0.883992 18.9297 19.8286
0.884992 18.6469 20.1143
0.885992 18.3655 19.6286
0.886992 18.0854 19.4857
0.887992 17.8069 19.1429
0.888992 17.5298 18.6857
0.889992 17.2541 18.6
0.890992 16.9799 18.2857
0.891992 16.7073 17.6286
0.892992 16.4361 17.1714
0.893992 16.1665 17.2
0.894992 15.8985 17.3714
0.895992 15.632 16.5143
0.896992 15.3671 16.2286
0.897992 15.1038 16.5143
0.898992 14.8421 15.4571
0.899992 14.5821 15.7714
0.900992 14.3237 15.1714
0.901992 14.067 15.3143
0.902992 13.812 14.9429
0.903992 13.5587 14.7429
0.904992 13.3071 13.7143
0.905992 13.0572 13.9714
0.906992 12.8092 13.8571
0.907992 12.5629 13.3714
0.908992 12.3184 13.0571
0.909992 12.0757 12.7714
0.910992 11.8348 13
0.911992 11.5958 13.1429
0.912992 11.3586 12.2857
0.913992 11.1234 11.8286
0.914992 10.89 11.8
0.915992 10.6586 11.3143
0.916992 10.4291 11.0857
0.917992 10.2015 10.9714
0.918992 9.97595 11.4
0.919992 9.75237 10.9143
0.920992 9.5308 10.4286
0.921992 9.31125 10.4857
0.922992 9.09375 9.97143
0.923992 8.87832 9.94286
0.924992 8.66497 10
0.925992 8.45372 9.74286
0.926992 8.24459 9.02857
0.927992 8.0376 8.4
0.928992 7.83277 8.28571
0.929992 7.63011 8.57143
0.930992 7.42964 8.6
0.931992 7.23139 7.42857
0.932992 7.03537 7.14286
0.933992 6.8416 7.85714
0.934992 6.65009 7.65714
0.935992 6.46087 7.14286
0.936992 6.27396 7.25714
0.937991 6.08938 6.94286
0.938991 5.90713 6.74286
0.939991 5.72725 6.42857
0.940991 5.54975 6.45714
0.941991 5.37465 6.31429
0.942991 5.20197 5.34286
0.943991 5.03173 5.31429
0.944991 4.86395 5.14286
0.945991 4.69865 5.28571
0.946991 4.53584 5.25714
0.947991 4.37554 4.91429
0.948991 4.21779 4.6
0.949991 4.06258 4.62857
0.950991 3.90995 4.77143
0.951991 3.75992 3.68571
0.952991 3.61249 4.4
0.953991 3.4677 3.97143
0.954991 3.32556 4
0.955991 3.18609 3.8
0.956991 3.04931 3.74286
0.957991 2.91525 3.45714
0.958991 2.78391 3.45714
0.959991 2.65533 3.28571
0.960991 2.52951 2.62857
0.961991 2.40649 2.97143
0.962991 2.28627 2.45714
0.963991 2.16889 2.22857
0.964991 2.05435 2.68571
0.965991 1.94269 2.14286
0.966991 1.83391 1.65714
0.967991 1.72805 1.91429
0.968991 1.62512 1.88571
0.969991 1.52514 1.42857
0.970991 1.42813 1.85714
0.971991 1.33411 1.57143
0.972991 1.2431 1.4
0.973991 1.15512 1.65714
0.974991 1.0702 1.28571
0.975991 0.988353 1.22857
0.976991 0.909597 1.11429
0.977991 0.833957 1.02857
0.978991 0.761451 0.914286
0.979991 0.692101 0.771429
0.980991 0.625927 0.571429
0.981991 0.56295 0.514286
0.982991 0.503191 0.485714
0.983991 0.446671 0.685714
0.984991 0.393411 0.428571
0.985991 0.343431 0.485714
0.986991 0.296753 0.285714
0.987991 0.253398 0.285714
0.988991 0.213386 0.171429
0.989991 0.176738 0.171429
0.990991 0.143477 0.171429
0.991991 0.113623 0.142857
0.992991 0.0871969 0.114286
0.993991 0.0642205 0.0857143
0.994991 0.044715 0
0.995991 0.0287018 0
0.996991 0.0162022 0
0.997991 0.00723774 0
0.998991 0.00182988 0
0.999991 1.55623e-07 0
1.00099 0.000110319 0
1.00199 0.00044498 0
1.00299 0.00100332 0
1.00399 0.00178467 0
1.00499 0.00278834 0
1.00599 0.00401368 0
1.00699 0.00546001 0
1.00799 0.00712665 0
1.00899 0.00901294 0
1.00999 0.0111182 0
1.01099 0.0134418 0
1.01199 0.015983 0
1.01299 0.0187412 0
1.01399 0.0217157 0
1.01499 0.0249059 0
1.01599 0.028311 0
1.01699 0.0319304 0
1.01799 0.0357635 0
1.01899 0.0398096 0
1.01999 0.044068 0
1.02099 0.048538 0
1.02199 0.0532191 0
1.02299 0.0581105 0
1.02399 0.0632116 0
1.02499 0.0685216 0
1.02599 0.0740401 0
1.02699 0.0797663 0
1.02799 0.0856994 0
1.02899 0.091839 0
1.02999 0.0981844 0
1.03099 0.104735 0
1.03199 0.11149 0
1.03299 0.118448 0
1.03399 0.12561 0
1.03499 0.132974 0
1.03599 0.14054 0
1.03699 0.148307 0
1.03799 0.156275 0
1.03899 0.164442 0
1.03999 0.172809 0
1.04099 0.181374 0
1.04199 0.190138 0
1.04299 0.199098 0
1.04399 0.208255 0
1.04499 0.217608 0
1.04599 0.227157 0
1.04699 0.2369 0
1.04799 0.246837 0
1.04899 0.256967 0
1.04999 0.267291 0
1.05099 0.277806 0
1.05199 0.288513 0
1.05299 0.299411 0
1.05399 0.310499 0
1.05499 0.321776 0
1.05599 0.333243 0
1.05699 0.344897 0
1.05799 0.35674 0
1.05899 0.368769 0.228571
1.05999 0.380985 0.228571
1.06099 0.393386 0.342857
1.06199 0.405973 0.314286
1.06299 0.418744 0.257143
1.06399 0.431698 0.257143
1.06499 0.444836 0.285714
1.06599 0.458157 0.342857
1.06699 0.47166 0.285714
1.06799 0.485343 0.285714
1.06899 0.499208 0.285714
1.06999 0.513253 0.342857
1.07099 0.527477 0.485714
1.07199 0.541879 0.457143
1.07299 0.55646 0.6
1.07399 0.571219 0.485714
1.07499 0.586154 0.6
1.07599 0.601266 0.4
1.07699 0.616554 0.571429
1.07799 0.632016 0.457143
1.07899 0.647653 0.571429
1.07999 0.663464 0.485714
1.08099 0.679447 0.571429
1.08199 0.695604 0.542857
1.08299 0.711932 0.514286
1.08399 0.728432 0.628571
1.08499 0.745102 0.714286
1.08599 0.761943 0.714286
1.08699 0.778953 0.714286
1.08799 0.796132 0.8
1.08899 0.813479 0.771429
1.08999 0.830993 0.685714
1.09099 0.848675 0.771429
1.092 0.866523 0.542857
1.093 0.884537 0.914286
1.094 0.902716 0.714286
1.095 0.921059 0.828571
1.096 0.939567 0.914286
1.097 0.958237 0.885714
1.098 0.977071 0.885714
1.099 0.996066 0.857143
1.1 1.01522 0.742857
1.101 1.03454 0.885714
1.102 1.05402 1
1.103 1.07366 1
1.104 1.09345 0.857143
1.105 1.11341 0.914286
1.106 1.13352 1.02857
1.107 1.15379 0.885714
1.108 1.17422 0.828571
1.109 1.1948 1.25714
1.11 1.21554 1.08571
1.111 1.23644 1
1.112 1.25749 1.2
1.113 1.27869 1
1.114 1.30004 1.28571
1.115 1.32155 1.28571
1.116 1.34321 1.17143
1.117 1.36502 1.45714
1.118 1.38698 1.22857
1.119 1.40909 1.31429
1.12 1.43135 1.14286
1.121 1.45376 1.17143
1.122 1.47632 1.48571
1.123 1.49902 1.8
1.124 1.52187 1.05714
1.125 1.54487 1.37143
1.126 1.56802 1.31429
1.127 1.59131 1.65714
1.128 1.61474 1.65714
1.129 1.63832 1.54286
1.13 1.66204 1.48571
1.131 1.68591 1.45714
1.132 1.70992 1.45714
1.133 1.73407 1.48571
1.134 1.75836 1.65714
1.135 1.78279 1.71429
1.136 1.80736 1.88571
1.137 1.83207 1.11429
1.138 1.85692 2.2
1.139 1.88191 1.6
1.14 1.90704 1.65714
1.141 1.9323 2
1.142 1.9577 1.82857
1.143 1.98323 1.85714
1.144 2.0089 1.57143
1.145 2.03471 1.82857
1.146 2.06065 2.02857
1.147 2.08672 1.71429
1.148 2.11293 1.34286
1.149 2.13927 2
1.15 2.16574 2.17143
1.151 2.19234 1.82857
1.152 2.21908 2
1.153 2.24594 2.2
1.154 2.27293 2.4
1.155 2.30005 2.22857
1.156 2.3273 2.91429
1.157 2.35468 2.28571
1.158 2.38219 2.11429
1.159 2.40982 2.25714
1.16 2.43758 2.54286
1.161 2.46547 2.28571
1.162 2.49348 2.08571
1.163 2.52161 2.11429
1.164 2.54987 2.8
1.165 2.57825 2.31429
1.166 2.60675 2.31429
1.167 2.63538 2.34286
1.168 2.66413 2.68571
1.169 2.693 2.68571
1.17 2.72199 2.88571
1.171 2.7511 2.62857
1.172 2.78033 2.65714
1.173 2.80968 2.77143
1.174 2.83914 2.14286
1.175 2.86873 2.74286
1.176 2.89843 2.68571
1.177 2.92825 2.65714
1.178 2.95818 2.97143
1.179 2.98823 2.68571
1.18 3.0184 2.82857
1.181 3.04868 2.54286
1.182 3.07907 3.37143
1.183 3.10958 2.94286
1.184 3.1402 2.94286
1.185 3.17093 3.14286
1.186 3.20177 3.31429
1.187 3.23273 3.74286
1.188 3.26379 3.2
1.189 3.29497 3.2
1.19 3.32625 2.82857
1.191 3.35765 3.34286
1.192 3.38915 2.85714
1.193 3.42076 3.25714
1.194 3.45248 3.08571
1.195 3.4843 3.34286
1.196 3.51623 3.17143
1.197 3.54827 3.45714
1.198 3.58041 2.82857
1.199 3.61265 3.54286
1.2 3.645 3.17143
1.201 3.67745 3.65714
1.202 3.71001 2.97143
1.203 3.74267 3.57143
1.204 3.77543 3.22857
1.205 3.80829 3.77143
1.206 3.84125 3.6
1.207 3.87432 3.82857
1.208 3.90748 3.85714
1.209 3.94074 3.42857
1.21 3.9741 3.88571
1.211 4.00756 3.45714
1.212 4.04112 3.88571
1.213 4.07477 4
1.214 4.10852 4.11429
1.215 4.14237 4.05714
1.216 4.17631 4.08571
1.217 4.21034 4.34286
1.218 4.24448 3.77143
1.219 4.2787 4.54286
1.22 4.31302 4.14286
1.221 4.34743 3.62857
1.222 4.38193 4.42857
1.223 4.41653 4.68571
1.224 4.45121 4.37143
1.225 4.48599 4.77143
1.226 4.52086 4
1.227 4.55581 4.22857
1.228 4.59086 4.28571
1.229 4.626 4.65714
1.23 4.66122 4.68571
1.231 4.69653 4.77143
1.232 4.73193 4.45714
1.233 4.76741 4.14286
1.234 4.80298 4.77143
1.235 4.83864 4.62857
1.236 4.87438 4.48571
1.237 4.9102 5.14286
1.238 4.94611 4.88571
1.239 4.98211 4.88571
1.24 5.01818 5.28571
1.241 5.05434 5.2
1.242 5.09058 4.8
1.243 5.1269 4.57143
1.244 5.1633 5.14286
1.245 5.19979 5.42857
1.246 5.23635 4.88571
1.247 5.27299 4.74286
1.248 5.30971 5.25714
1.249 5.34651 5.51429
1.25 5.38339 5.62857
1.251 5.42034 5.17143
1.252 5.45737 5.48571
1.253 5.49448 5.68571
1.254 5.53167 5.85714
1.255 5.56893 5.71429
1.256 5.60626 4.91429
1.257 5.64367 5.02857
1.258 5.68115 5.85714
1.259 5.7187 5.42857
1.26 5.75633 5.91429
1.261 5.79403 5.88571
1.262 5.8318 5.05714
1.263 5.86965 5.28571
1.264 5.90756 6
1.265 5.94555 6.11429
1.266 5.9836 5.94286
1.267 6.02173 6.2
1.268 6.05992 5.68571
1.269 6.09818 6.02857
1.27 6.13651 5.71429
1.271 6.1749 5.62857
1.272 6.21337 6.45714
1.273 6.2519 6
1.274 6.29049 6.37143
1.275 6.32915 6.42857
1.276 6.36788 6.42857
1.277 6.40667 6.48571
1.278 6.44552 6.48571
1.279 6.48444 6.37143
1.28 6.52342 5.94286
1.281 6.56246 6.88571
1.282 6.60157 6.31429
1.283 6.64073 6.4
1.284 6.67996 6.08571
1.285 6.71925 6.14286
1.286 6.7586 6.48571
1.287 6.798 6.05714
1.288 6.83747 6.28571
1.289 6.877 6.22857
1.29 6.91658 6.8
1.291 6.95622 6.37143
1.292 6.99592 6.74286
1.293 7.03567 6.4
1.294 7.07548 6.6
1.295 7.11535 6.57143
1.296 7.15527 6.8
1.297 7.19525 6.91429
1.298 7.23528 6.85714
1.299 7.27536 7.68571
1.3 7.3155 6.88571
1.301 7.35569 7.28571
1.302 7.39594 7.54286
1.303 7.43623 7.48571
1.304 7.47658 7.57143
1.305 7.51698 7.42857
1.30601 7.55742 7.74286
1.30701 7.59792 6.77143
1.30801 7.63847 7.2
1.30901 7.67907 7.17143
1.31001 7.71971 7.37143
1.31101 7.76041 7.88571
1.31201 7.80115 7.57143
1.31301 7.84194 7.8
1.31401 7.88277 7.74286
1.31501 7.92366 7.6
1.31601 7.96458 7.37143
1.31701 8.00556 8.17143
1.31801 8.04658 8.34286
1.31901 8.08764 8.2
1.32001 8.12875 8.11429
1.32101 8.1699 7.57143
1.32201 8.21109 7.51429
1.32301 8.25232 8.11429
1.32401 8.2936 8.54286
1.32501 8.33492 8.37143
1.32601 8.37628 7.85714
1.32701 8.41769 8.57143
1.32801 8.45913 8.6
1.32901 8.50061 8.08571
1.33001 8.54213 8.14286
1.33101 8.58369 8.97143
1.33201 8.62529 8.6
1.33301 8.66693 8.48571
1.33401 8.7086 8.22857
1.33501 8.75032 9.22857
1.33601 8.79207 8.94286
1.33701 8.83385 8.22857
1.33801 8.87567 8.28571
1.33901 8.91753 9.08571
1.34001 8.95942 8.97143
1.34101 9.00135 8.6
1.34201 9.04331 8.71429
1.34301 9.0853 8.82857
1.34401 9.12733 8.54286
1.34501 9.16939 9.05714
1.34601 9.21148 9.17143
1.34701 9.2536 8.77143
1.34801 9.29576 9.34286
1.34901 9.33794 9.02857
1.35001 9.38016 8.94286
1.35101 9.42241 9.42857
1.35201 9.46469 9.17143
1.35301 9.50699 9.6
1.35401 9.54932 9.48571
1.35501 9.59169 9.25714
1.35601 9.63408 9.25714
1.35701 9.6765 9.17143
1.35801 9.71894 9.48571
1.35901 9.76141 9.02857
1.36001 9.80391 9.2
1.36101 9.84644 9.62857
1.36201 9.88898 9.22857
1.36301 9.93156 10.4571
1.36401 9.97416 9.42857
1.36501 10.0168 10.2286
1.36601 10.0594 10.0286
1.36701 10.1021 10.4
1.36801 10.1448 9.88571
1.36901 10.1875 10.6571
1.37001 10.2302 10
1.37101 10.273 10.3429
1.37201 10.3158 10.0286
1.37301 10.3586 10.3714
1.37401 10.4014 10.1429
1.37501 10.4442 10.7714
1.37601 10.4871 10
1.37701 10.53 10.4857
1.37801 10.5729 9.91429
1.37901 10.6158 10.3429
1.38001 10.6587 10.2
1.38101 10.7017 10.1429
1.38201 10.7446 10.7714
1.38301 10.7876 10.3429
1.38401 10.8306 11.0571
1.38501 10.8736 10.7714
1.38601 10.9166 11.2286
1.38701 10.9597 11.0571
1.38801 11.0027 10.6571
1.38901 11.0458 10.7714
1.39001 11.0889 10.7143
1.39101 11.132 10.6286
1.39201 11.1751 10.8286
1.39301 11.2182 10.8571
1.39401 11.2614 11.5714
1.39501 11.3045 11.5714
1.39601 11.3477 10.9143
1.39701 11.3908 10.8571
1.39801 11.434 10.9143
1.39901 11.4772 11
1.40001 11.5204 11.3714
1.40101 11.5636 11.8571
1.40201 11.6068 10.9714
1.40301 11.6501 11.5714
1.40401 11.6933 11.7429
1.40501 11.7365 11.5143
1.40601 11.7798 11.2571
1.40701 11.823 11.8
1.40801 11.8663 11.2571
1.40901 11.9095 11.7714
1.41001 11.9528 11.8286
1.41101 11.9961 11.8857
1.41201 12.0394 11.8
1.41301 12.0826 12.3429
1.41401 12.1259 11.8286
1.41501 12.1692 11.7429
1.41601 12.2125 12.6571
1.41701 12.2558 12
1.41801 12.2991 12.0571
1.41901 12.3424 12
1.42001 12.3857 11.8857
1.42101 12.429 12.1143
1.42201 12.4723 12.3143
1.42301 12.5156 12.8571
1.42401 12.5589 12.4286
1.42501 12.6022 12.2
1.42601 12.6455 12.4
1.42701 12.6888 12.2286
1.42801 12.7321 13.3429
1.42901 12.7754 12.2857
1.43001 12.8187 12.3429
1.43101 12.862 13.0571
1.43201 12.9053 12.6571
1.43301 12.9486 12.4286
1.43401 12.9919 12.5429
1.43501 13.0351 13.0571
1.43601 13.0784 12.7143
1.43701 13.1217 12.9143
1.43801 13.1649 12.9714
1.43901 13.2082 12.6857
1.44001 13.2514 13.4571
1.44101 13.2947 12.9714
1.44201 13.3379 13.0857
1.44301 13.3811 13.0857
1.44401 13.4244 13.2286
1.44501 13.4676 13.0286
1.44601 13.5108 13.1429
1.44701 13.554 13.8286
1.44801 13.5972 13.1143
1.44901 13.6403 13.4857
1.45001 13.6835 13.5714
1.45101 13.7266 13.6571
1.45201 13.7698 13.4857
1.45301 13.8129 13.4
1.45401 13.856 13.7143
1.45501 13.8992 13.5429
1.45601 13.9423 14.3429
1.45701 13.9853 13.8286
1.45801 14.0284 13.6
1.45901 14.0715 13.4857
1.46001 14.1145 13.8571
1.46101 14.1575 13.5143
1.46201 14.2006 13.6857
1.46301 14.2436 13.4286
1.46401 14.2865 14.0857
1.46501 14.3295 14.3429
1.46601 14.3725 14.1429
1.46701 14.4154 14.2
1.46801 14.4583 14.4571
1.46901 14.5012 14.2286
1.47001 14.5441 13.9429
1.47101 14.587 14.4857
1.47201 14.6298 13.9429
1.47301 14.6727 14.3429
1.47401 14.7155 14.3143
1.47501 14.7583 14.8
1.47601 14.8011 14.8
1.47701 14.8438 14.9714
1.47801 14.8865 15.0571
1.47901 14.9293 14.6571
1.48001 14.972 14.9714
1.48101 15.0146 15.0286
1.48201 15.0573 14.7429
1.48301 15.0999 15.2
1.48401 15.1425 15.2
1.48501 15.1851 15.2857
1.48601 15.2277 14.8857
1.48701 15.2702 15.4571
1.48801 15.3127 15.2
1.48901 15.3552 15
1.49001 15.3977 15.2857
1.49101 15.4401 15.3429
1.49201 15.4825 15.5714
1.49301 15.5249 15.3429
1.49401 15.5673 15.1714
1.49501 15.6096 15.3429
1.49601 15.6519 15.6
1.49701 15.6942 15.5429
1.49801 15.7365 15.3143
1.49901 15.7787 15.7429
1.50001 15.8209 15.8857
1.50101 15.8631 16.1143
1.50201 15.9052 15.8857
1.50301 15.9473 15.8571
1.50401 15.9894 15.8857
1.50501 16.0315 15.9143
1.50601 16.0735 15.9429
1.50701 16.1155 15.9429
1.50801 16.1575 16.1143
1.50901 16.1994 16.3714
1.51001 16.2413 16.0286
1.51101 16.2832 16.3143
1.51201 16.3251 16
1.51301 16.3669 16.6286
1.51401 16.4086 16.0286
1.51501 16.4504 16.0857
1.51601 16.4921 16.0857
1.51701 16.5338 16.1429
1.51801 16.5754 16.4286
1.51901 16.617 16.0286
1.52002 16.6586 16.4571
1.52102 16.7002 16.4286
1.52202 16.7417 16.4571
1.52302 16.7831 16.4
1.52402 16.8246 16.6
1.52502 16.866 16.7714
1.52602 16.9073 16.8
1.52702 16.9487 16.9429
1.52802 16.99 16.6857
1.52902 17.0312 17.1143
1.53002 17.0724 16.8857
1.53102 17.1136 16.9429
1.53202 17.1547 17.0286
1.53302 17.1958 16.9714
1.53402 17.2369 17.0571
1.53502 17.2779 17.4286
1.53602 17.3189 17.4
1.53702 17.3598 17.0857
1.53802 17.4008 17.0571
1.53902 17.4416 17.1429
1.54002 17.4824 17.4286
1.54102 17.5232 17.5143
1.54202 17.564 17.0857
1.54302 17.6047 17.4571
1.54402 17.6453 17.2
1.54502 17.6859 17.3714
1.54602 17.7265 17.2286
1.54702 17.767 17.4
1.54802 17.8075 17.2857
1.54902 17.8479 17.7143
1.55002 17.8883 17.5714
1.55102 17.9287 17.6857
1.55202 17.969 17.8857
1.55302 18.0093 18.0857
1.55402 18.0495 17.7714
1.55502 18.0897 18.3143
1.55602 18.1298 18.2
1.55702 18.1699 17.8857
1.55802 18.2099 17.9714
1.55902 18.2499 18.5143
1.56002 18.2898 18.0286
1.56102 18.3297 18.0571
1.56202 18.3696 18.1714
1.56302 18.4094 18.3714
1.56402 18.4491 18.1429
1.56502 18.4888 18.5143
1.56602 18.5285 17.8286
1.56702 18.5681 18.3143
1.56802 18.6076 18.2857
1.56902 18.6471 18.3143
1.57002 18.6866 18.2
1.57102 18.726 18.5143
1.57202 18.7654 18.8
1.57302 18.8047 18.8857
1.57402 18.8439 18.2571
1.57502 18.8831 18.7714
1.57602 18.9223 19.2
1.57702 18.9614 18.4571
1.57802 19.0004 18.9429
1.57902 19.0394 19.2
1.58002 19.0784 18.8571
1.58102 19.1172 19.1143
1.58202 19.1561 19.1714
1.58302 19.1949 18.8857
1.58402 19.2336 19.3714
1.58502 19.2723 19.4857
1.58602 19.3109 18.9143
1.58702 19.3495 19.6571
1.58802 19.388 19.1143
1.58902 19.4264 18.9143
1.59002 19.4648 19.3143
1.59102 19.5032 19.3714
1.59202 19.5415 19.2571
1.59302 19.5797 19.2571
1.59402 19.6179 19.6
1.59502 19.656 19.4
1.59602 19.694 19.3714
1.59702 19.732 19.7714
1.59802 19.77 20.0286
1.59902 19.8079 19.2857
1.60002 19.8457 19.7714
1.60102 19.8835 19.4286
1.60202 19.9212 20.4571
1.60302 19.9588 19.9429
1.60402 19.9964 20.3429
1.60502 20.034 19.9714
1.60602 20.0714 20.2571
1.60702 20.1089 20.1714
1.60802 20.1462 20.0857
1.60902 20.1835 19.8
1.61002 20.2207 20
1.61102 20.2579 20.3143
1.61202 20.295 19.8286
1.61302 20.3321 20.3143
1.61402 20.3691 19.9143
1.61502 20.406 19.9714
1.61602 20.4428 19.7429
1.61702 20.4796 20.6571
1.61802 20.5164 20.0571
1.61902 20.5531 20.5714
1.62002 20.5897 20.4571
1.62102 20.6262 20.3714
1.62202 20.6627 21.0857
1.62302 20.6991 20.3429
1.62402 20.7355 20.7714
1.62502 20.7717 21.2
1.62602 20.808 21.0857
1.62702 20.8441 21.1143
1.62802 20.8802 20.6571
1.62902 20.9162 21
1.63002 20.9522 20.2571
1.63102 20.9881 21.2
1.63202 21.0239 20.9143
1.63302 21.0597 20.4
1.63402 21.0954 21.3714
1.63502 21.131 20.7714
1.63602 21.1666 21.6857
1.63702 21.2021 21.0286
1.63802 21.2375 20.9714
1.63902 21.2728 21.1143
1.64002 21.3081 21.5143
1.64102 21.3433 21.0286
1.64202 21.3785 21.6286
1.64302 21.4136 21.4
1.64402 21.4486 20.8
1.64502 21.4835 21.1143
1.64602 21.5184 21.6286
1.64702 21.5532 22.0857
1.64802 21.5879 21.4857
1.64902 21.6226 21.5714
1.65002 21.6572 21.5429
1.65102 21.6917 21.2
1.65202 21.7261 21.4857
1.65302 21.7605 21.3714
1.65402 21.7948 21
1.65502 21.829 21.4286
1.65602 21.8632 21.9143
1.65702 21.8973 21.8571
1.65802 21.9313 21.7429
1.65902 21.9652 21.6571
1.66002 21.9991 22.2571
1.66102 22.0329 22.3143
1.66202 22.0666 21.4857
1.66302 22.1002 21.6286
1.66402 22.1338 22.4571
1.66502 22.1673 22.5143
1.66602 22.2007 22.1714
1.66702 22.2341 21.8571
1.66802 22.2673 22.2857
1.66902 22.3005 22.1143
1.67002 22.3336 22.4857
1.67102 22.3667 22.0571
1.67202 22.3997 22
1.67302 22.4325 22.0286
1.67402 22.4654 22.3429
1.67502 22.4981 22.2571
1.67602 22.5308 22.5714
1.67702 22.5633 22.5714
1.67802 22.5959 22.2571
1.67902 22.6283 22
1.68002 22.6606 22.7429
1.68102 22.6929 22.8
1.68202 22.7251 22.8857
1.68302 22.7572 22.6857
1.68402 22.7893 23.0857
1.68502 22.8212 23.3429
1.68602 22.8531 22.8286
1.68702 22.8849 23.0286
1.68802 22.9166 22.3429
1.68902 22.9483 22.2286
1.69002 22.9798 22.7429
1.69102 23.0113 22.8857
1.69202 23.0427 22.8286
1.69302 23.074 23.0857
1.69402 23.1053 22.6286
1.69502 23.1364 22.9429
1.69602 23.1675 23.0857
1.69702 23.1985 23.0857
1.69802 23.2294 22.8571
1.69902 23.2603 23.2
1.70002 23.291 22.8286
1.70102 23.3217 23.0571
1.70202 23.3523 23.2571
1.70302 23.3828 23.3429
1.70402 23.4132 23.6571
1.70502 23.4436 22.8857
1.70602 23.4738 23.8857
1.70702 23.504 23.1143
1.70802 23.5341 23.4286
1.70902 23.5641 22.9143
1.71002 23.594 23.5143
1.71102 23.6238 23.0857
1.71202 23.6536 23.8286
1.71302 23.6833 22.9143
1.71402 23.7129 23.6
1.71502 23.7424 23.1714
1.71602 23.7718 23.6571
1.71702 23.8011 23.0286
1.71802 23.8303 23.5143
1.71902 23.8595 23.2286
1.72002 23.8886 23.5429
1.72102 23.9176 24.2
1.72202 23.9465 23.4
1.72302 23.9753 24.3429
1.72402 24.004 24.0286
1.72502 24.0326 24.1143
1.72602 24.0612 24.0286
1.72702 24.0897 23.7429
1.72802 24.118 23.9143
1.72902 24.1463 24.5143
1.73002 24.1745 23.8571
1.73102 24.2027 23.6857
1.73202 24.2307 24.2286
1.73302 24.2586 23.7714
1.73403 24.2865 23.5429
1.73503 24.3142 23.6286
1.73603 24.3419 24.0286
1.73703 24.3695 24.7143
1.73803 24.397 24.5714
1.73903 24.4244 24.6571
1.74003 24.4517 24.7714
1.74103 24.4789 24.2571
1.74203 24.5061 24.1143
1.74303 24.5331 24.8
1.74403 24.5601 24.2286
1.74503 24.5869 24.6857
1.74603 24.6137 24.3714
1.74703 24.6404 24.1143
1.74803 24.667 24.2857
1.74903 24.6935 24.6
1.75003 24.7199 24.0571
1.75103 24.7462 25.0286
1.75203 24.7725 25.1143
1.75303 24.7986 24.3143
1.75403 24.8246 24.6
1.75503 24.8506 25.2
1.75603 24.8765 25.2
1.75703 24.9022 25.0571
1.75803 24.9279 25.0286
1.75903 24.9535 24.8
1.76003 24.979 24.7143
1.76103 25.0044 25.0857
1.76203 25.0297 25.2286
1.76303 25.0549 24.4571
1.76403 25.08 24.4
1.76503 25.105 25.0857
1.76603 25.13 24.8571
1.76703 25.1548 24.6
1.76803 25.1795 24.6857
1.76903 25.2042 25.3143
1.77003 25.2287 25.2
1.77103 25.2532 25.2
1.77203 25.2776 25.3429
1.77303 25.3018 25.4
1.77403 25.326 24.7714
1.77503 25.3501 25.7143
1.77603 25.3741 25.9429
1.77703 25.3979 25.6857
1.77803 25.4217 24.8857
1.77903 25.4454 24.8
1.78003 25.469 25.6286
1.78103 25.4925 25.9714
1.78203 25.5159 24.9714
1.78303 25.5392 24.8286
1.78403 25.5625 25.5429
1.78503 25.5856 25.4
1.78603 25.6086 25.3143
1.78703 25.6315 25.5714
1.78803 25.6543 25.2571
1.78903 25.6771 25.5143
1.79003 25.6997 25.9143
1.79103 25.7222 25.9429
1.79203 25.7447 26.2571
1.79303 25.767 25.9429
1.79403 25.7892 26.3714
1.79503 25.8114 24.9429
1.79603 25.8334 25.6
1.79703 25.8554 25.7429
1.79803 25.8772 25.7429
1.79903 25.899 25.8286
1.80003 25.9206 25.4857
1.80103 25.9422 25.6857
1.80203 25.9636 26.2
1.80303 25.985 25.9429
1.80403 26.0062 25.8286
1.80503 26.0274 26.4
1.80603 26.0484 26
1.80703 26.0694 26.4571
1.80803 26.0902 25.4571
1.80903 26.111 25.9714
1.81003 26.1316 25.8571
1.81103 26.1522 26.0286
1.81203 26.1726 26.2
1.81303 26.193 26.3143
1.81403 26.2132 26
1.81503 26.2334 26.1714
1.81603 26.2534 25.1714
1.81703 26.2734 25.3714
1.81803 26.2932 26.0286
1.81903 26.313 25.9143
1.82003 26.3326 26.6571
1.82103 26.3521 26.1143
1.82203 26.3716 26.9429
1.82303 26.3909 26.4
1.82403 26.4101 26.8
1.82503 26.4293 26.2286
1.82603 26.4483 26.8
1.82703 26.4672 26.4857
1.82803 26.4861 26.1143
1.82903 26.5048 26.5429
1.83003 26.5234 25.7429
1.83103 26.5419 26.7429
1.83203 26.5603 26.4
1.83303 26.5787 26.2571
1.83403 26.5969 26.3714
1.83503 26.615 26.3714
1.83603 26.633 26.1714
1.83703 26.6509 26.5429
1.83803 26.6687 26.3429
1.83903 26.6864 26.4
1.84003 26.704 26.3429
1.84103 26.7214 26.6
1.84203 26.7388 26.4571
1.84303 26.7561 26.6286
1.84403 26.7733 26.8
1.84503 26.7903 26.6286
1.84603 26.8073 26.9143
1.84703 26.8242 26.5714
1.84803 26.8409 26.4
1.84903 26.8576 26.2571
1.85003 26.8741 26.9143
1.85103 26.8906 26.6571
1.85203 26.9069 26.7714
1.85303 26.9231 26.8571
1.85403 26.9392 27.0857
1.85503 26.9553 26.7714
1.85603 26.9712 26.9143
1.85703 26.987 26.8
1.85803 27.0027 26.6571
1.85903 27.0183 26.4571
1.86003 27.0338 26.8857
1.86103 27.0492 26.6857
1.86203 27.0644 26.6
1.86303 27.0796 26.5429
1.86403 27.0947 26.5714
1.86503 27.1096 26.1714
1.86603 27.1245 26.6
1.86703 27.1393 26.7143
1.86803 27.1539 26.7714
1.86903 27.1684 26.8571
1.87003 27.1829 27.3143
1.87103 27.1972 28.1714
1.87203 27.2114 27.2571
1.87303 27.2255 27.7429
1.87403 27.2395 27.6857
1.87503 27.2534 27.1429
1.87603 27.2672 27.6571
1.87703 27.2809 27.1714
1.87803 27.2944 27.1714
1.87903 27.3079 27.1714
1.88003 27.3213 26.6286
1.88103 27.3345 26.6571
1.88203 27.3476 26.8857
1.88303 27.3607 27.2
1.88403 27.3736 27.2
1.88503 27.3864 27.6857
1.88603 27.3991 27.4857
1.88703 27.4117 27.8
1.88803 27.4242 28.0286
1.88903 27.4366 27.4857
1.89003 27.4489 27.5143
1.89103 27.4611 26.9714
1.89203 27.4731 26.6857
1.89303 27.4851 26.6571
1.89403 27.4969 27.2286
1.89503 27.5086 27.2
1.89603 27.5203 27.0571
1.89703 27.5318 27.8
1.89803 27.5432 27.6571
1.89903 27.5545 28.1143
1.90003 27.5657 27.8857
1.90103 27.5768 27.5714
1.90203 27.5877 27.6
1.90303 27.5986 27.4
1.90403 27.6093 27.4571
1.90503 27.62 27.7429
1.90603 27.6305 28
1.90703 27.6409 27.8
1.90803 27.6513 28.6
1.90903 27.6615 27.3714
1.91003 27.6716 27.6857
1.91103 27.6815 27.0857
1.91203 27.6914 27.3429
1.91303 27.7012 27.4571
1.91403 27.7108 27.4857
1.91503 27.7204 28.3143
1.91603 27.7298 28.2571
1.91703 27.7391 27.5714
1.91803 27.7484 27.5429
1.91903 27.7575 27.4857
1.92003 27.7665 27.6286
1.92103 27.7753 28.2857
1.92203 27.7841 27.9714
1.92303 27.7928 27.4
1.92403 27.8013 27.2571
1.92503 27.8098 27.1429
1.92603 27.8181 27.3143
1.92703 27.8263 27.3714
1.92803 27.8344 27.4
1.92903 27.8424 27.8857
1.93003 27.8503 28.3429
1.93103 27.8581 27.6857
1.93203 27.8658 28.0857
1.93303 27.8733 27.6571
1.93403 27.8808 27.7143
1.93503 27.8881 28.6571
1.93603 27.8953 28.6286
1.93703 27.9024 27.7714
1.93803 27.9094 27.6571
1.93903 27.9163 27.5429
1.94003 27.9231 27.5143
1.94103 27.9298 28
1.94203 27.9363 28.2571
1.94303 27.9428 27.6
1.94403 27.9491 28.0286
1.94503 27.9553 27.8571
1.94603 27.9614 27.7429
1.94703 27.9674 28.7143
1.94804 27.9733 28.5143
1.94904 27.9791 28.3143
1.95004 27.9847 28.0286
1.95104 27.9903 28.0286
1.95204 27.9957 28
1.95304 28.0011 27.8857
1.95404 28.0063 27.8857
1.95504 28.0114 27.1143
1.95604 28.0164 27.4571
1.95704 28.0213 26.9714
1.95804 28.026 27.5429
1.95904 28.0307 28.5143
1.96004 28.0352 28.0857
1.96104 28.0397 27.3143
1.96204 28.044 28.0286
1.96304 28.0482 28.1143
1.96404 28.0523 27.7714
1.96504 28.0563 27.7714
1.96604 28.0601 27.8571
1.96704 28.0639 27.8857
1.96804 28.0676 28.1714
1.96904 28.0711 28.4286
1.97004 28.0745 28.5143
1.97104 28.0778 27.4286
1.97204 28.081 27.8857
1.97304 28.0841 27.5143
1.97404 28.0871 28
1.97504 28.09 28.6571
1.97604 28.0927 28.6
1.97704 28.0953 27.8
1.97804 28.0979 28
1.97904 28.1003 28.3714
1.98004 28.1026 28.6
1.98104 28.1048 28.0857
1.98204 28.1069 28.4857
1.98304 28.1088 27.8286
1.98404 28.1107 27.8571
1.98504 28.1124 28.1143
1.98604 28.114 28.4571
1.98704 28.1155 27.6571
1.98804 28.117 27.7429
1.98904 28.1182 27.5143
1.99004 28.1194 27.9429
1.99104 28.1205 28.4286
1.99204 28.1214 28.3714
1.99304 28.1223 28.1429
1.99404 28.123 28.5143
1.99504 28.1236 28.7714
1.99604 28.1241 28.7429
1.99704 28.1245 28.0571
1.99804 28.1248 27.8857
1.99904 28.1249 28.2857
2.00004 28.125 28.2286
2.00104 28.1249 27.8
2.00204 28.1248 27.6
2.00304 28.1245 27.5143
2.00404 28.1241 27.7714
2.00504 28.1236 28.1429
2.00604 28.1229 28.8
2.00704 28.1222 27.7143
2.00804 28.1214 28.6
2.00904 28.1204 28.4857
2.01004 28.1193 28.8286
2.01104 28.1182 28.4286
2.01204 28.1169 27.9429
2.01304 28.1154 27.8571
2.01404 28.1139 27.5429
2.01504 28.1123 28.4
2.01604 28.1105 28.3429
2.01704 28.1087 27.6571
2.01804 28.1067 27.8571
2.01904 28.1046 27.5714
2.02004 28.1024 27.6857
2.02104 28.1001 28.3143
2.02204 28.0977 28.2571
2.02304 28.0952 28.1714
2.02404 28.0925 28.1143
2.02504 28.0898 28.1143
2.02604 28.0869 28.6857
2.02704 28.0839 28.0857
2.02804 28.0808 27.7143
2.02904 28.0776 28
2.03004 28.0743 28.4571
2.03104 28.0708 28.2286
2.03204 28.0673 28.1143
2.03304 28.0636 27.8
2.03403 28.0599 27.3429
2.03503 28.056 28.2286
2.03603 28.052 28.5143
2.03703 28.0479 27.5714
2.03803 28.0437 28.2
2.03903 28.0394 27.6286
2.04003 28.0349 27.8571
2.04103 28.0304 28.9143
2.04203 28.0257 28.3714
2.04303 28.0209 28.0571
2.04403 28.016 27.7143
2.04503 28.011 28.0286
2.04603 28.0059 28.2286
2.04703 28.0007 27.5714
2.04803 27.9954 27.7429
2.04903 27.9899 27.2571
2.05003 27.9844 27.6
2.05103 27.9787 28.0571
2.05203 27.9729 28.0857
2.05303 27.967 27.9143
2.05403 27.961 27.8
2.05503 27.9549 28.0286
2.05603 27.9487 28.0571
2.05703 27.9423 28.6857
2.05803 27.9359 28.6857
2.05903 27.9293 27.8571
2.06003 27.9226 27.9143
2.06103 27.9159 27.2857
2.06203 27.909 27.4286
2.06303 27.902 27.9429
2.06403 27.8948 28.1714
2.06503 27.8876 27.4571
2.06603 27.8803 27.4571
2.06703 27.8728 27.7714
2.06803 27.8653 27.6286
2.06903 27.8576 28.4571
2.07003 27.8498 28.2857
2.07103 27.8419 28.0857
2.07203 27.8339 28
2.07303 27.8258 28.0857
2.07403 27.8176 28.0857
2.07503 27.8092 28.4286
2.07603 27.8008 27.9429
2.07703 27.7922 27.6286
2.07803 27.7835 26.9429
2.07903 27.7748 27.1714
2.08003 27.7659 26.9429
2.08103 27.7569 27.2286
2.08203 27.7478 27.7714
2.08303 27.7385 28.4286
2.08403 27.7292 28.2286
2.08503 27.7198 27.3429
2.08603 27.7102 27.6
2.08703 27.7006 27.6571
2.08803 27.6908 27.8286
2.08903 27.6809 28.1429
2.09003 27.6709 27.9143
2.09103 27.6608 27.4
2.09203 27.6506 27.7143
2.09303 27.6403 27.4571
2.09403 27.6299 27.4857
2.09503 27.6193 27.5714
2.09603 27.6087 27.3143
2.09703 27.5979 27.8857
2.09803 27.587 28.3143
2.09903 27.5761 27.6857
2.10003 27.565 27.3143
2.10103 27.5538 27.4857
2.10203 27.5425 27.5714
2.10303 27.5311 28.2286
2.10403 27.5195 28.0857
2.10503 27.5079 28.0857
2.10603 27.4962 27.8
2.10703 27.4843 27.2286
2.10803 27.4724 27.1429
2.10903 27.4603 27.0286
2.11003 27.4481 26.7143
2.11103 27.4359 26.9714
2.11203 27.4235 26.7143
2.11303 27.411 27.6286
2.11403 27.3984 27.7143
2.11503 27.3856 28
2.11603 27.3728 27.7429
2.11703 27.3599 26.9714
2.11803 27.3468 27.3429
2.11903 27.3337 27.1714
2.12003 27.3204 27
2.12103 27.3071 26.8857
2.12203 27.2936 27.0857
2.12303 27.28 27.9429
2.12403 27.2664 27.1429
2.12503 27.2526 27.6571
2.12603 27.2387 27.3429
2.12703 27.2247 27.2286
2.12803 27.2106 27.5429
2.12903 27.1963 27.2857
2.13003 27.182 27.9429
2.13103 27.1676 26.9429
2.13203 27.153 27.1429
2.13303 27.1384 27.1714
2.13403 27.1236 27.4286
2.13503 27.1088 27.3143
2.13603 27.0938 27.2286
2.13703 27.0787 27.2857
2.13803 27.0636 26.6857
2.13903 27.0483 27.5143
2.14003 27.0329 26.5714
2.14103 27.0174 26.8857
2.14203 27.0018 26.9143
2.14303 26.9861 27.3714
2.14403 26.9703 26.9714
2.14503 26.9543 27.3143
2.14603 26.9383 27.2
2.14703 26.9222 27.5714
2.14803 26.906 27.4
2.14903 26.8896 27.2286
2.15003 26.8732 28.0286
2.15103 26.8566 26.7143
2.15203 26.84 27.0857
2.15303 26.8232 26.6571
2.15403 26.8063 27.5714
2.15503 26.7894 26.6
2.15603 26.7723 26.6571
2.15703 26.7551 26.6571
2.15803 26.7379 27.0286
2.15903 26.7205 26.0857
2.16003 26.703 27.0857
2.16103 26.6854 26.2
2.16203 26.6677 27.1714
2.16303 26.6499 26.8857
2.16403 26.632 27.2571
2.16503 26.614 26.6
2.16603 26.5959 27.4857
2.16703 26.5777 26.9714
2.16803 26.5593 27.0286
2.16903 26.5409 26.2286
2.17003 26.5224 26.7714
2.17103 26.5038 26.6
2.17202 26.485 26.5714
2.17302 26.4662 26.7429
2.17402 26.4473 26.4571
2.17502 26.4283 26.6286
2.17602 26.4091 26.0857
2.17702 26.3899 26.5429
2.17802 26.3705 26.6571
2.17902 26.3511 26.5429
2.18002 26.3315 26.3143
2.18102 26.3119 26.3714
2.18202 26.2922 26.3429
2.18302 26.2723 26.2571
2.18402 26.2524 25.9143
2.18502 26.2323 26.2857
2.18602 26.2122 26.4857
2.18702 26.1919 26.0857
2.18802 26.1715 26.5714
2.18902 26.1511 26.2
2.19002 26.1305 25.8286
2.19102 26.1099 26.2857
2.19202 26.0891 25.7714
2.19302 26.0683 26.0857
2.19402 26.0473 26.3143
2.19502 26.0263 25.9714
2.19602 26.0051 26.0857
2.19702 25.9839 25.8857
2.19802 25.9625 26.7714
2.19902 25.9411 26.2
2.20002 25.9195 26.5429
2.20102 25.8979 26.3714
2.20202 25.8761 25.2
2.20302 25.8543 25.7714
2.20402 25.8323 25.6
2.20502 25.8103 25.2857
2.20602 25.7881 25.8571
2.20702 25.7659 26.1143
2.20802 25.7435 25.5429
2.20902 25.7211 25.5714
2.21002 25.6986 25.4571
2.21102 25.6759 25.3143
2.21202 25.6532 26.6571
2.21302 25.6304 26.4286
2.21402 25.6075 26.0571
2.21502 25.5844 26.1143
2.21602 25.5613 25.4
2.21702 25.5381 25.2286
2.21802 25.5148 25.6286
2.21902 25.4914 25.7429
2.22002 25.4679 25.6286
2.22102 25.4443 25.8857
2.22202 25.4206 24.8857
2.22302 25.3968 25
2.22402 25.3729 25.6286
2.22502 25.3489 25.7714
2.22602 25.3248 25.1143
2.22702 25.3007 25.0857
2.22802 25.2764 25.7714
2.22902 25.252 25.7429
2.23002 25.2276 25.1429
2.23102 25.203 25.6571
2.23202 25.1784 25.2571
2.23302 25.1536 25.1714
2.23402 25.1288 25.6857
2.23502 25.1039 25.6571
2.23602 25.0788 24.8857
2.23702 25.0537 24.8571
2.23802 25.0285 25.3143
2.23902 25.0032 25.0857
2.24002 24.9778 24.4
2.24102 24.9523 24.3714
2.24202 24.9267 24.8571
2.24302 24.9011 25.3143
2.24402 24.8753 25.5714
2.24502 24.8494 25.2
2.24602 24.8235 24.9714
2.24702 24.7974 25.3714
2.24802 24.7713 25.1143
2.24902 24.745 25.0571
2.25002 24.7187 24.2
2.25102 24.6923 24.5143
2.25202 24.6658 25.2286
2.25302 24.6392 25.2286
2.25402 24.6125 24.4286
2.25502 24.5858 24.2
2.25602 24.5589 24.7714
2.25702 24.5319 24.1714
2.25802 24.5049 24.7429
2.25902 24.4777 24.8
2.26002 24.4505 24.4571
2.26102 24.4232 24.1714
2.26202 24.3958 24.6857
2.26302 24.3683 24.5429
2.26402 24.3407 25.0286
2.26502 24.313 24.9714
2.26602 24.2853 24.1143
2.26702 24.2574 24.3429
2.26802 24.2295 24.5714
2.26902 24.2015 24.4286
2.27002 24.1733 24.5429
2.27102 24.1451 24.4571
2.27202 24.1168 23.9714
2.27302 24.0885 24.1143
2.27402 24.06 23.4857
2.27502 24.0314 23.7429
2.27602 24.0028 23.6857
2.27702 23.9741 23.4571
2.27802 23.9453 24.2857
2.27902 23.9164 23.7429
2.28002 23.8874 24.5714
2.28102 23.8583 24.6571
2.28202 23.8291 24.1714
2.28302 23.7999 24.4
2.28402 23.7706 23.6571
2.28502 23.7412 24.4
2.28602 23.7117 23.4571
2.28702 23.6821 23.6857
2.28802 23.6524 23.4
2.28902 23.6226 23.5143
2.29002 23.5928 23.2857
2.29102 23.5629 23.7429
2.29202 23.5329 23.5429
2.29302 23.5028 23.1143
2.29402 23.4726 24.0286
2.29502 23.4424 22.9143
2.29602 23.412 23.6
2.29702 23.3816 23.5429
2.29802 23.3511 23.6
2.29902 23.3205 23.4571
2.30002 23.2898 23.8571
2.30102 23.2591 23.2286
2.30202 23.2282 23.7429
2.30302 23.1973 23.4857
2.30402 23.1663 23.6857
2.30502 23.1353 23.5143
2.30602 23.1041 23.2857
2.30702 23.0728 22.4571
2.30802 23.0415 23.3714
2.30902 23.0101 22.6
2.31001 22.9786 22.6
2.31101 22.9471 22.8286
2.31201 22.9154 22.1143
2.31301 22.8837 22.9429
2.31401 22.8519 23
2.31501 22.82 22.8857
2.31601 22.7881 23.2286
2.31701 22.756 23.1714
2.31801 22.7239 23.1143
2.31901 22.6917 22.9714
2.32001 22.6595 23.3714
2.32101 22.6271 22.2571
2.32201 22.5947 23.1143
2.32301 22.5622 22.4
2.32401 22.5296 22.2
2.32501 22.4969 22.7429
2.32601 22.4642 22.6286
2.32701 22.4314 23.0857
2.32801 22.3985 22.3429
2.32901 22.3655 21.6571
2.33001 22.3325 21.9143
2.33101 22.2993 22.6857
2.33201 22.2662 22.4857
2.33301 22.2329 22.6571
2.33401 22.1995 23.0286
2.33501 22.1661 21.6286
2.33601 22.1326 22.2286
2.33701 22.0991 22.4286
2.33801 22.0654 22.3143
2.33901 22.0317 22.6286
2.34001 21.9979 22.7429
2.34101 21.964 22.0857
2.34201 21.9301 21.6571
2.34301 21.8961 22.1714
2.34401 21.862 22.4
2.34501 21.8279 22.3143
2.34601 21.7936 21.8571
2.34701 21.7593 22.1143
2.34801 21.725 21.9429
2.34901 21.6905 21.6
2.35001 21.656 21.6571
2.35101 21.6214 21.6857
2.35201 21.5868 22.0571
2.35301 21.552 21.4571
2.35401 21.5172 21.4857
2.35501 21.4824 21.6286
2.35601 21.4474 21.8286
2.35701 21.4124 21.7429
2.35801 21.3774 20.8857
2.35901 21.3422 21.7143
2.36001 21.307 22.0857
2.36101 21.2717 21.5714
2.36201 21.2364 21.1714
2.36301 21.2009 21.4
2.36401 21.1654 21
2.36501 21.1299 21.3429
2.36601 21.0943 21.5429
2.36701 21.0586 20.9429
2.36801 21.0228 20.7714
2.36901 20.987 21.2286
2.37001 20.9511 21.4
2.37101 20.9151 21.0286
2.37201 20.8791 20.9714
2.37301 20.843 20.7714
2.37401 20.8069 21.3143
2.37501 20.7707 21.4857
2.37601 20.7344 21.0286
2.37701 20.698 20.8571
2.37801 20.6616 21.2
2.37901 20.6251 21
2.38001 20.5886 21.0286
2.38101 20.552 20.5429
2.38201 20.5153 20.8571
2.38301 20.4786 20.8571
2.38401 20.4418 20.3143
2.38501 20.4049 20.6571
2.38601 20.368 19.9143
2.38701 20.331 20.4571
2.38801 20.294 19.8
2.38901 20.2569 20.4857
2.39001 20.2197 20.2
2.39101 20.1825 20.2857
2.39201 20.1452 20.2286
2.39301 20.1078 20.2857
2.39401 20.0704 20.3714
2.39501 20.0329 20.4571
2.39601 19.9954 20.3429
2.39701 19.9578 20.3143
2.39801 19.9202 20.4
2.39901 19.8825 20.4
2.40001 19.8447 20.8
2.40101 19.8069 20.3429
2.40201 19.769 20.3714
2.40301 19.731 19.8571
2.40401 19.693 20.2571
2.40501 19.655 19.9143
2.40601 19.6169 19.7143
2.40701 19.5787 19.9714
2.40801 19.5405 19.4
2.40901 19.5022 19.9714
2.41001 19.4638 19.4
2.41101 19.4254 19.4571
2.41201 19.387 19.1429
2.41301 19.3485 19.1143
2.41401 19.3099 19.5143
2.41501 19.2713 19.8571
2.41601 19.2326 19.4857
2.41701 19.1939 19.7714
2.41801 19.1551 19.7429
2.41901 19.1163 19.8
2.42001 19.0774 19.1714
2.42101 19.0385 19.2286
2.42201 18.9995 19.4
2.42301 18.9604 18.7714
2.42401 18.9213 19.0857
2.42501 18.8822 19.1429
2.42601 18.843 19.2
2.42701 18.8037 18.9143
2.42801 18.7644 18.9714
2.42901 18.7251 18.4857
2.43001 18.6857 19.0286
2.43101 18.6462 18.6571
2.43201 18.6067 18.1143
2.43301 18.5672 18.6857
2.43401 18.5276 18.8286
2.43501 18.4879 18.6
2.43601 18.4482 18.2286
2.43701 18.4085 18.4
2.43801 18.3687 18.5429
2.43901 18.3288 18.9714
2.44001 18.2889 18.2571
2.44101 18.249 18.5429
2.44201 18.209 18.4571
2.44301 18.169 18.8571
2.44401 18.1289 18.5429
2.44501 18.0888 18.4571
2.44601 18.0486 18.5429
2.44701 18.0084 18.6571
2.448 17.9681 18.4857
2.449 17.9278 18.2857
2.45 17.8875 18.4857
2.451 17.8471 18
2.452 17.8067 17.6857
2.453 17.7662 17.8286
2.454 17.7256 17.9714
2.455 17.6851 18.0286
2.456 17.6445 17.9429
2.457 17.6038 17.8
2.458 17.5631 17.5143
2.459 17.5224 17.4571
2.46 17.4816 17.6286
2.461 17.4408 17.5714
2.462 17.3999 17.4
2.463 17.359 17.7143
2.464 17.3181 17.4286
2.465 17.2771 17.7143
2.466 17.2361 17.4286
2.467 17.1951 17.2857
2.468 17.154 17.5143
2.469 17.1128 17.2857
2.47 17.0716 17.7143
2.471 17.0304 17.5143
2.472 16.9892 17.3143
2.473 16.9479 17.2
2.474 16.9066 17.1429
2.475 16.8652 16.8857
2.476 16.8238 16.7143
2.477 16.7824 16.4857
2.478 16.7409 16.7143
2.479 16.6994 16.6571
2.48 16.6579 16.4571
2.481 16.6163 16.8
2.482 16.5747 16.3714
2.483 16.5331 16.8571
2.484 16.4914 16.7429
2.485 16.4497 16.8571
2.486 16.4079 16.8571
2.487 16.3662 16.8857
2.488 16.3244 16.8857
2.489 16.2825 16.4
2.49 16.2406 16.6
2.491 16.1987 16.2857
2.492 16.1568 16.3714
2.493 16.1148 16.6
2.494 16.0729 16.4
2.495 16.0308 16.8857
2.496 15.9888 16.5143
2.497 15.9467 16.3714
2.498 15.9046 16.0286
2.499 15.8624 15.8857
2.5 15.8203 15.6
2.501 15.7781 15.9429
2.502 15.7358 15.6571
2.503 15.6936 15.6571
2.504 15.6513 15.8571
2.505 15.609 15.5429
2.506 15.5667 15.4286
2.507 15.5243 15.7429
2.508 15.4819 15.3714
2.509 15.4395 15.6
2.51 15.3971 15.0571
2.511 15.3546 15.7429
2.512 15.3121 15.4571
2.513 15.2696 15.5143
2.514 15.2271 15.2286
2.515 15.1845 15.4
2.516 15.1419 15.6571
2.517 15.0993 15.2571
2.518 15.0567 15.1714
2.519 15.0141 15.4571
2.52 14.9714 15.2286
2.521 14.9287 15.2286
2.522 14.886 15.2
2.523 14.8433 14.9429
2.524 14.8005 14.9714
2.525 14.7578 15.4286
2.526 14.715 14.7143
2.527 14.6722 14.8
2.528 14.6293 14.7143
2.529 14.5865 15.0286
2.53 14.5436 14.4286
2.531 14.5007 14.5429
2.532 14.4578 14.7714
2.533 14.4149 14.4
2.534 14.372 14.0857
2.535 14.329 14.4571
2.536 14.2861 14.2857
2.537 14.2431 14.3714
2.538 14.2001 14.3429
2.539 14.1571 14.0857
2.54 14.1141 14.6
2.541 14.071 14.1143
2.542 14.028 14.1143
2.543 13.9849 14.3429
2.544 13.9418 14
2.545 13.8987 13.9429
2.546 13.8556 14.1714
2.547 13.8125 13.6857
2.548 13.7694 14.3429
2.549 13.7262 14.1714
2.55 13.6831 14.2857
2.551 13.6399 13.4
2.552 13.5968 14
2.553 13.5536 13.8
2.554 13.5104 13.4
2.555 13.4672 14.0571
2.556 13.424 13.2571
2.557 13.3808 13.9143
2.558 13.3376 13.0286
2.559 13.2943 13.5143
2.56 13.2511 13.3143
2.561 13.2078 13.6857
2.562 13.1646 13.2286
2.563 13.1213 13.8571
2.564 13.0781 12.9714
2.565 13.0348 12.9143
2.566 12.9915 13.0857
2.567 12.9483 13.2
2.568 12.905 13.2857
2.569 12.8617 13
2.57 12.8184 13.0286
2.571 12.7751 12.6286
2.572 12.7318 13.3143
2.573 12.6885 12.3714
2.574 12.6452 12.5429
2.575 12.602 12.4857
2.576 12.5587 12.6
2.577 12.5154 12.6571
2.578 12.4721 12.6
2.579 12.4288 13.0857
2.58 12.3855 12.1143
2.581 12.3422 12.1714
2.582 12.2989 13
2.583 12.2556 12.4
2.584 12.2123 12.0286
2.585 12.169 12.3143
2.58599 12.1257 12.1714
2.58699 12.0824 12.4
2.58799 12.0392 12.4
2.58899 11.9959 12.2
2.58999 11.9526 11.8286
2.59099 11.9093 12.0857
2.59199 11.8661 11.6286
2.59299 11.8228 11.5714
2.59399 11.7796 11.9429
2.59499 11.7364 11.5714
2.59599 11.6931 11.5143
2.59699 11.6499 11.3143
2.59799 11.6067 12.2
2.59899 11.5635 11.3143
2.59999 11.5203 11.4286
2.60099 11.4771 11.6
2.60199 11.4339 11.6571
2.60299 11.3907 11.8
2.60399 11.3475 11.7714
2.60499 11.3044 11.0286
2.60599 11.2613 11.0857
2.60699 11.2181 11.3429
2.60799 11.175 11.4286
2.60899 11.1319 11.2571
2.60999 11.0888 11.1429
2.61099 11.0457 10.8571
2.61199 11.0027 11.6571
2.61299 10.9596 11.1429
2.61399 10.9166 11.0286
2.61499 10.8735 11.2
2.61599 10.8305 11.2571
2.61699 10.7875 11
2.61799 10.7446 11.2857
2.61899 10.7016 11.1714
2.61999 10.6587 11.4
2.62099 10.6157 10.3143
2.62199 10.5728 10.7143
2.62299 10.5299 10.6571
2.62399 10.4871 10.4286
2.62499 10.4442 10.6286
2.62599 10.4014 10.7429
2.62699 10.3586 10.6286
2.62799 10.3158 10.7429
2.62899 10.273 11.0857
2.62999 10.2302 10.7143
2.63099 10.1875 10.4
2.63199 10.1448 10.6857
2.63299 10.1021 10.0571
2.63399 10.0595 10.6857
2.63499 10.0168 10.7143
2.63599 9.9742 10.3714
2.63699 9.93161 10.0857
2.63799 9.88904 10.4
2.63899 9.84649 9.71429
2.63999 9.80397 10.2
2.64099 9.76148 10.3143
2.64199 9.71901 10.1429
2.64299 9.67657 9.6
2.64399 9.63416 10.6286
2.64499 9.59177 9.71429
2.64599 9.54942 9.74286
2.64699 9.50709 9.25714
2.64799 9.46479 9.68571
2.64899 9.42251 9.02857
2.64999 9.38027 9.34286
2.65099 9.33806 9.51429
2.65199 9.29588 9.48571
2.65299 9.25373 9.28571
2.65399 9.21161 9.14286
2.65499 9.16952 9.68571
2.65599 9.12747 10
2.65699 9.08545 9.62857
2.65799 9.04346 9.54286
2.65899 9.0015 8.91429
2.65999 8.95958 9
2.66099 8.91769 9.25714
2.66199 8.87584 8.85714
2.66299 8.83403 8.94286
2.66399 8.79225 9.25714
2.66499 8.7505 8.6
2.66599 8.70879 8.77143
2.66699 8.66712 8.85714
2.66799 8.62549 8.48571
2.66899 8.5839 8.88571
2.66999 8.54234 9.2
2.67099 8.50082 8.14286
2.67199 8.45935 8.22857
2.67299 8.41791 8.94286
2.67399 8.37651 8.94286
2.67499 8.33515 7.94286
2.67599 8.29384 8
2.67699 8.25257 8.77143
2.67799 8.21133 8.34286
2.67899 8.17015 7.85714
2.67999 8.129 7.88571
2.68099 8.0879 8.05714
2.68199 8.04684 8.37143
2.68299 8.00583 7.48571
2.68399 7.96486 7.54286
2.68499 7.92393 8.25714
2.68599 7.88306 8.22857
2.68699 7.84223 7.88571
2.68799 7.80144 8.11429
2.68899 7.7607 7.74286
2.68999 7.72001 7.2
2.69099 7.67937 7.91429
2.69199 7.63878 7.85714
2.69299 7.59824 7.54286
2.69399 7.55774 7.77143
2.69499 7.5173 7.71429
2.69599 7.47691 7.45714
2.69699 7.43656 7.51429
2.69799 7.39627 8
2.69899 7.35603 7.45714
2.69999 7.31585 7.91429
2.70099 7.27571 7.45714
2.70199 7.23563 7.17143
2.70299 7.19561 7.14286
2.70399 7.15563 6.97143
2.70499 7.11572 7.48571
2.70599 7.07585 7.11429
2.70699 7.03605 7.45714
2.70799 6.9963 7.48571
2.70899 6.9566 7.42857
2.70999 6.91697 7.34286
2.71099 6.87739 6.97143
2.71199 6.83787 7.42857
2.71299 6.7984 6.57143
2.71399 6.759 7.2
2.71499 6.71966 6.57143
2.71599 6.68037 7
2.71699 6.64115 6.4
2.71799 6.60199 6.77143
2.71899 6.56289 6.14286
2.71999 6.52385 6.82857
2.72099 6.48487 6.4
2.72199 6.44596 6.62857
2.72299 6.40711 6
2.72398 6.36832 6.68571
2.72498 6.3296 6.05714
2.72598 6.29094 6.85714
2.72698 6.25235 6.37143
2.72798 6.21383 6.4
2.72898 6.17537 6.82857
2.72998 6.13697 6.42857
2.73098 6.09865 6.45714
2.73198 6.06039 6.4
2.73298 6.0222 6.22857
2.73398 5.98408 6.02857
2.73498 5.94603 6.2
2.73598 5.90805 5.51429
2.73698 5.87014 5.8
2.73798 5.8323 6.25714
2.73898 5.79453 5.71429
2.73998 5.75683 6.05714
2.74098 5.71921 6.11429
2.74198 5.68166 5.6
2.74298 5.64418 5.97143
2.74398 5.60678 5.4
2.74498 5.56945 5.31429
2.74598 5.53219 5.88571
2.74698 5.49501 6.11429
2.74798 5.45791 5.71429
2.74898 5.42088 5.74286
2.74998 5.38393 5.05714
2.75098 5.34705 4.8
2.75198 5.31026 6.22857
2.75298 5.27354 5.74286
2.75398 5.2369 5.2
2.75498 5.20034 5.48571
2.75598 5.16386 4.97143
2.75698 5.12746 5.22857
2.75798 5.09114 5.4
2.75898 5.0549 5.28571
2.75998 5.01875 4.68571
2.76098 4.98268 4.82857
2.76198 4.94669 5.17143
2.76298 4.91078 5.22857
2.76398 4.87496 4.42857
2.76498 4.83922 4.45714
2.76598 4.80357 4.97143
2.76698 4.768 4.91429
2.76798 4.73252 4.42857
2.76898 4.69712 4.62857
2.76998 4.66182 4.88571
2.77098 4.6266 4.94286
2.77198 4.59146 4.77143
2.77298 4.55642 4.65714
2.77398 4.52147 5.08571
2.77498 4.4866 4.2
2.77598 4.45183 4.48571
2.77698 4.41714 4.82857
2.77798 4.38255 4
2.77898 4.34805 4.54286
2.77998 4.31364 4.8
2.78098 4.27933 4.25714
2.78198 4.2451 4.48571
2.78298 4.21097 4.57143
2.78398 4.17694 3.94286
2.78498 4.143 4.37143
2.78598 4.10916 4.17143
2.78698 4.07541 3.62857
2.78798 4.04176 4.45714
2.78898 4.0082 4.34286
2.78998 3.97475 3.94286
2.79098 3.94139 4.11429
2.79198 3.90813 3.8
2.79298 3.87497 3.94286
2.79398 3.84191 3.51429
2.79498 3.80895 4.17143
2.79598 3.77609 3.88571
2.79698 3.74333 3.8
2.79798 3.71067 3.97143
2.79898 3.67812 3.2
2.79998 3.64567 3.85714
2.80098 3.61332 3.97143
2.80198 3.58107 4.11429
2.80298 3.54893 3.88571
2.80398 3.5169 3.91429
2.80498 3.48497 3.88571
2.80598 3.45315 3.65714
2.80698 3.42143 3.71429
2.80798 3.38983 3.77143
2.80898 3.35832 3.42857
2.80998 3.32693 3.48571
2.81098 3.29565 3.48571
2.81198 3.26447 3.2
2.81298 3.23341 3.48571
2.81398 3.20246 2.94286
2.81498 3.17162 3.37143
2.81598 3.14088 3.17143
2.81698 3.11027 3.2
2.81798 3.07976 3.22857
2.81898 3.04937 3.31429
2.81998 3.01909 3.25714
2.82098 2.98893 3.28571
2.82198 2.95888 3.34286
2.82298 2.92894 3.2
2.82398 2.89912 3
2.82498 2.86942 2.85714
2.82598 2.83984 3.02857
2.82698 2.81037 2.65714
2.82798 2.78103 3.11429
2.82898 2.7518 2.82857
2.82998 2.72269 2.82857
2.83098 2.6937 3.08571
2.83198 2.66483 2.17143
2.83298 2.63608 2.8
2.83398 2.60746 2.77143
2.83498 2.57895 2.65714
2.83598 2.55057 2.54286
2.83698 2.52231 2.34286
2.83798 2.49418 2.54286
2.83898 2.46617 2.54286
2.83998 2.43828 2.85714
2.84098 2.41053 2.48571
2.84198 2.38289 2.48571
2.84298 2.35539 2.45714
2.84398 2.32801 2.57143
2.84498 2.30076 1.85714
2.84598 2.27364 2.48571
2.84698 2.24664 2.42857
2.84798 2.21978 1.94286
2.84898 2.19305 2.34286
2.84998 2.16644 2.25714
2.85098 2.13997 2.08571
2.85198 2.11363 2.37143
2.85298 2.08742 2.37143
2.85398 2.06135 1.65714
2.85498 2.03541 2.4
2.85598 2.0096 2.2
2.85698 1.98393 1.77143
2.85798 1.9584 2
2.85898 1.933 2.14286
2.85998 1.90773 1.91429
2.86098 1.88261 2.05714
2.86197 1.85762 2.08571
2.86297 1.83277 1.91429
2.86397 1.80805 1.31429
2.86497 1.78348 1.88571
2.86597 1.75905 1.94286
2.86697 1.73476 2.22857
2.86797 1.71061 1.82857
2.86897 1.6866 1.68571
2.86997 1.66273 1.8
2.87097 1.63901 1.54286
2.87197 1.61543 1.57143
2.87297 1.59199 1.88571
2.87397 1.5687 1.48571
2.87497 1.54555 1.51429
2.87597 1.52255 1.68571
2.87697 1.4997 1.51429
2.87797 1.47699 1.4
2.87897 1.45443 1.62857
2.87997 1.43202 1.25714
2.88097 1.40976 1.54286
2.88197 1.38765 1.62857
2.88297 1.36568 1.51429
2.88397 1.34387 1.31429
2.88497 1.32221 1.48571
2.88597 1.3007 1.34286
2.88697 1.27934 1.48571
2.88797 1.25814 1.54286
2.88897 1.23709 1.11429
2.88997 1.21619 1.14286
2.89097 1.19545 1.08571
2.89197 1.17487 1.25714
2.89297 1.15444 1.65714
2.89397 1.13416 1.2
2.89497 1.11405 0.942857
2.89597 1.09409 1.17143
2.89697 1.07429 1.2
2.89797 1.05465 1.05714
2.89897 1.03517 1
2.89997 1.01585 0.914286
2.90097 0.996687 0.714286
2.90197 0.977689 0.885714
2.90297 0.958852 1.11429
2.90397 0.940178 1.17143
2.90497 0.921668 0.971429
2.90597 0.903321 1.05714
2.90697 0.885139 0.914286
2.90797 0.867121 0.8
2.90897 0.84927 0.914286
2.90997 0.831585 0.771429
2.91097 0.814067 0.828571
2.91197 0.796716 0.914286
2.91297 0.779534 1.08571
2.91397 0.76252 0.714286
2.91497 0.745676 0.771429
2.91597 0.729001 0.571429
2.91697 0.712498 0.8
2.91797 0.696166 0.742857
2.91897 0.680005 0.942857
2.91997 0.664017 0.714286
2.92097 0.648202 0.685714
2.92197 0.632561 0.685714
2.92297 0.617094 0.657143
2.92397 0.601803 0.714286
2.92497 0.586686 0.457143
2.92597 0.571746 0.6
2.92697 0.556983 0.571429
2.92797 0.542398 0.685714
2.92897 0.52799 0.571429
2.92997 0.513762 0.571429
2.93097 0.499712 0.542857
2.93197 0.485843 0.571429
2.93297 0.472154 0.428571
2.93397 0.458646 0.428571
2.93497 0.445321 0.542857
2.93597 0.432177 0.428571
2.93697 0.419217 0.457143
2.93797 0.406441 0.314286
2.93897 0.393849 0.314286
2.93997 0.381442 0.342857
2.94097 0.369221 0.371429
2.94197 0.357186 0.514286
2.94297 0.345338 0.4
2.94397 0.333678 0.4
2.94497 0.322206 0.371429
2.94597 0.310923 0.342857
2.94697 0.299829 0.342857
2.94797 0.288925 0.285714
2.94897 0.278212 0.257143
2.94997 0.267691 0.314286
2.95097 0.257361 0.228571
2.95197 0.247225 0.228571
2.95297 0.237281 0.228571
2.95397 0.227532 0.228571
2.95497 0.217977 0.285714
2.95597 0.208617 0.257143
2.95697 0.199454 0
2.95797 0.190486 0.142857
2.95897 0.181716 0.142857
2.95997 0.173144 0.171429
2.96097 0.164771 0.171429
2.96197 0.156596 0.171429
2.96297 0.148622 0.114286
2.96397 0.140847 0.114286
2.96497 0.133274 0.114286
2.96597 0.125903 0.114286
2.96697 0.118734 0.142857
2.96797 0.111768 0.142857
2.96897 0.105005 0.142857
2.96997 0.0984474 0.114286
2.97097 0.0920945 0.114286
2.97197 0.0859472 0.114286
2.97297 0.0800062 0.114286
2.97397 0.0742722 0.0857143
2.97497 0.0687458 0.0857143
2.97597 0.0634277 0.0571429
2.97697 0.0583185 0.0571429
2.97797 0.053419 0.0571429
2.97897 0.0487297 0.0571429
2.97997 0.0442513 0.0571429
2.98097 0.0399845 0.0571429
2.98197 0.03593 0.0571429
2.98297 0.0320883 0.0571429
2.98397 0.0284602 0.0571429
2.98497 0.0250464 0.0571429
2.98597 0.0218475 0.0285714
2.98697 0.0188641 0.0285714
2.98797 0.0160969 0.0285714
2.98897 0.0135467 0
2.98997 0.011214 0
2.99097 0.00909952 0
2.99197 0.00720394 0
2.99297 0.00552794 0
2.99397 0.00407218 0
2.99497 0.00283732 0
2.99597 0.00182404 0
2.99697 0.001033 0
2.99797 0.000464896 0
2.99897 0.000120382 0
2.99996 1.38182e-07 0
