0.000000 0.000000 0
0.001000 2.144904 0
0.002000 8.562448 0
0.003000 19.226917 0
0.004000 34.112656 0
0.005000 53.194050 0
0.006000 76.445541 0
0.007000 103.841629 0
0.008000 135.356842 0
0.009000 170.965790 0
0.010000 210.643127 0
0.011000 254.363541 0
0.012000 302.101776 0
0.013000 353.832672 0
0.014000 409.531036 0
0.015000 469.171783 0
0.016000 532.729858 0
0.017000 600.180298 0
0.018000 671.498230 0
0.019000 746.658630 0
0.020000 825.636780 0
0.021000 908.407837 0
0.022000 994.947083 0
0.023000 1085.229736 0
0.024000 1179.231323 0
0.025000 1276.927246 0
0.026000 1378.292847 0
0.027000 1483.303833 13
0.028000 1591.935669 13
0.029000 1704.163940 16
0.030000 1819.964355 20
0.031000 1939.312744 26
0.032000 2062.184570 21
0.033000 2188.555908 24
0.034000 2318.402588 18
0.035000 2451.700684 25
0.036000 2588.426270 27
0.037000 2728.554932 28
0.038000 2872.062988 26
0.039000 3018.927002 36
0.040000 3169.122559 38
0.041000 3322.626221 43
0.042000 3479.414062 31
0.043000 3639.462891 41
0.044000 3802.748535 45
0.045000 3969.247803 52
0.046000 4138.937500 59
0.047000 4311.793457 43
0.048000 4487.792480 51
0.049000 4666.911621 57
0.050000 4849.126953 64
0.051000 5034.416016 54
0.052000 5222.755371 65
0.053000 5414.121582 87
0.054000 5608.491699 76
0.055000 5805.842773 56
0.056000 6006.151855 74
0.057000 6209.395996 81
0.058000 6415.551758 67
0.059000 6624.597168 89
0.060000 6836.509277 95
0.061000 7051.265137 80
0.062000 7268.842285 90
0.063000 7489.217773 100
0.064000 7712.370117 109
0.065000 7938.275879 108
0.066000 8166.912598 103
0.067000 8398.257812 109
0.068000 8632.289062 99
0.069000 8868.985352 111
0.070000 9108.322266 96
0.071000 9350.279297 128
0.072000 9594.833008 110
0.073000 9841.961914 124
0.074000 10091.644531 134
0.075000 10343.857422 132
0.076000 10598.580078 145
0.077000 10855.790039 146
0.078000 11115.465820 143
0.079000 11377.584961 131
0.080000 11642.125977 155
0.081000 11909.067383 152
0.082000 12178.386719 147
0.083000 12450.064453 158
0.084000 12724.076172 173
0.085000 13000.403320 148
0.086000 13279.021484 165
0.087000 13559.912109 186
0.088000 13843.051758 197
0.089000 14128.420898 178
0.090000 14415.996094 172
0.091000 14705.758789 196
0.092000 14997.685547 199
0.093000 15291.756836 210
0.094000 15587.951172 222
0.095000 15886.247070 202
0.096000 16186.624023 225
0.097000 16489.062500 207
0.098000 16793.539062 210
0.099000 17100.033203 210
0.100000 17408.527344 215
0.101000 17718.998047 231
0.102000 18031.425781 230
0.103000 18345.789062 243
0.104000 18662.068359 255
0.105000 18980.242188 252
0.106000 19300.291016 270
0.107000 19622.195312 271
0.108000 19945.931641 279
0.109000 20271.484375 282
0.110000 20598.828125 272
0.111000 20927.947266 266
0.112000 21258.818359 287
0.113000 21591.423828 300
0.114000 21925.744141 283
0.115000 22261.755859 300
0.116000 22599.441406 320
0.117000 22938.781250 339
0.118000 23279.753906 305
0.119000 23622.341797 303
0.120000 23966.525391 318
0.121000 24312.283203 320
0.122000 24659.595703 343
0.123000 25008.443359 329
0.124000 25358.808594 337
0.125000 25710.669922 360
0.126000 26064.009766 365
0.127000 26418.808594 374
0.128000 26775.044922 374
0.129000 27132.701172 366
0.130000 27491.757812 389
0.131000 27852.197266 374
0.132000 28213.998047 373
0.133000 28577.142578 384
0.134000 28941.611328 394
0.135000 29307.386719 420
0.136000 29674.449219 411
0.137000 30042.777344 418
0.138000 30412.355469 398
0.139000 30783.166016 424
0.140000 31155.185547 430
0.141000 31528.400391 425
0.142000 31902.789062 463
0.143000 32278.333984 437
0.144000 32655.017578 453
0.145000 33032.820312 455
0.146000 33411.722656 457
0.147000 33791.707031 468
0.148000 34172.757812 477
0.149000 34554.855469 469
0.150000 34937.980469 489
0.151000 35322.117188 477
0.152000 35707.242188 506
0.153000 36093.343750 500
0.154000 36480.402344 499
0.155000 36868.398438 524
0.156000 37257.312500 508
0.157000 37647.132812 515
0.158000 38037.835938 539
0.159000 38429.410156 532
0.160000 38821.832031 524
0.161000 39215.082031 517
0.162000 39609.152344 550
0.163000 40004.015625 530
0.164000 40399.664062 543
0.165000 40796.070312 542
0.166000 41193.222656 541
0.167000 41591.101562 573
0.168000 41989.695312 556
0.169000 42388.980469 565
0.170000 42788.941406 589
0.171000 43189.562500 604
0.172000 43590.824219 603
0.173000 43992.710938 612
0.174000 44395.210938 631
0.175000 44798.296875 645
0.176000 45201.960938 644
0.177000 45606.183594 656
0.178000 46010.945312 643
0.179000 46416.234375 663
0.180000 46822.031250 673
0.181000 47228.320312 673
0.182000 47635.082031 669
0.183000 48042.304688 670
0.184000 48449.968750 655
0.185000 48858.058594 666
0.186000 49266.562500 663
0.187000 49675.453125 670
0.188000 50084.726562 678
0.189000 50494.359375 693
0.190000 50904.339844 708
0.191000 51314.644531 711
0.192000 51725.265625 722
0.193000 52136.183594 730
0.194000 52547.382812 745
0.195000 52958.851562 737
0.196000 53370.566406 743
0.197000 53782.515625 769
0.198000 54194.683594 768
0.199000 54607.054688 776
0.200000 55019.613281 772
0.201000 55432.343750 803
0.202000 55845.230469 806
0.203000 56258.257812 808
0.204000 56671.414062 802
0.205000 57084.679688 816
0.206000 57498.039062 812
0.207000 57911.476562 802
0.208000 58324.980469 806
0.209000 58738.535156 807
0.210000 59152.125000 805
0.211000 59565.734375 810
0.212000 59979.347656 800
0.213000 60392.953125 826
0.214000 60806.531250 858
0.215000 61220.070312 881
0.216000 61633.554688 888
0.217000 62046.968750 910
0.218000 62460.300781 879
0.219000 62873.535156 911
0.220000 63286.656250 903
0.221000 63699.652344 908
0.222000 64112.503906 903
0.223000 64525.199219 910
0.224000 64937.726562 926
0.225000 65350.066406 935
0.226000 65762.210938 908
0.227000 66174.140625 936
0.228000 66585.843750 909
0.229000 66997.304688 934
0.230000 67408.507812 939
0.231000 67819.445312 957
0.232000 68230.101562 950
0.233000 68640.453125 971
0.234000 69050.500000 1005
0.235000 69460.226562 991
0.236000 69869.609375 995
0.237000 70278.640625 1022
0.238000 70687.312500 1026
0.239000 71095.593750 1004
0.240000 71503.492188 1006
0.241000 71910.984375 1015
0.242000 72318.054688 1004
0.243000 72724.695312 1017
0.244000 73130.882812 1040
0.245000 73536.617188 1029
0.246000 73941.882812 1029
0.247000 74346.656250 1064
0.248000 74750.937500 1073
0.249000 75154.703125 1071
0.250000 75557.945312 1088
0.251000 75960.640625 1097
0.252000 76362.789062 1089
0.253000 76764.375000 1100
0.254000 77165.390625 1090
0.255000 77565.812500 1103
0.256000 77965.632812 1083
0.257000 78364.835938 1102
0.258000 78763.414062 1102
0.259000 79161.359375 1119
0.260000 79558.648438 1135
0.261000 79955.273438 1150
0.262000 80351.226562 1139
0.263000 80746.492188 1161
0.264000 81141.046875 1171
0.265000 81534.898438 1174
0.266000 81928.023438 1167
0.267000 82320.414062 1180
0.268000 82712.046875 1164
0.269000 83102.929688 1162
0.270000 83493.031250 1166
0.271000 83882.351562 1185
0.272000 84270.875000 1188
0.273000 84658.585938 1215
0.274000 85045.476562 1203
0.275000 85431.539062 1232
0.276000 85816.757812 1246
0.277000 86201.125000 1249
0.278000 86584.617188 1235
0.279000 86967.242188 1251
0.280000 87348.968750 1242
0.281000 87729.796875 1224
0.282000 88109.710938 1249
0.283000 88488.703125 1260
0.284000 88866.757812 1251
0.285000 89243.875000 1282
0.286000 89620.031250 1273
0.287000 89995.210938 1304
0.288000 90369.421875 1294
0.289000 90742.640625 1328
0.290000 91114.859375 1324
0.291000 91486.062500 1324
0.292000 91856.242188 1310
0.293000 92225.390625 1295
0.294000 92593.500000 1296
0.295000 92960.546875 1311
0.296000 93326.531250 1324
0.297000 93691.437500 1363
0.298000 94055.265625 1360
0.299000 94417.984375 1363
0.300000 94779.609375 1365
0.301000 95140.109375 1383
0.302000 95499.476562 1368
0.303000 95857.710938 1378
0.304000 96214.804688 1360
0.305000 96570.726562 1371
0.306000 96925.492188 1382
0.307000 97279.070312 1387
0.308000 97631.460938 1379
0.309000 97982.656250 1394
0.310000 98332.640625 1415
0.311000 98681.414062 1409
0.312000 99028.953125 1432
0.313000 99375.250000 1403
0.314000 99720.312500 1419
0.314999 100064.109375 1428
0.315999 100406.640625 1422
0.316999 100747.890625 1453
0.317999 101087.867188 1454
0.318999 101426.539062 1475
0.319999 101763.914062 1468
0.320999 102099.968750 1502
0.321999 102434.703125 1480
0.322999 102768.109375 1471
0.323999 103100.164062 1485
0.324999 103430.882812 1491
0.325999 103760.234375 1465
0.326999 104088.210938 1495
0.327999 104414.820312 1489
0.328999 104740.039062 1513
0.329999 105063.867188 1529
0.330999 105386.289062 1521
0.331999 105707.296875 1530
0.332999 106026.882812 1533
0.333999 106345.039062 1525
0.334999 106661.757812 1524
0.335999 106977.031250 1511
0.336999 107290.851562 1533
0.337999 107603.203125 1546
0.338999 107914.085938 1580
0.339999 108223.484375 1596
0.340999 108531.390625 1596
0.341999 108837.804688 1575
0.342999 109142.718750 1604
0.343999 109446.109375 1581
0.344999 109747.984375 1574
0.345999 110048.328125 1560
0.346999 110347.132812 1573
0.347999 110644.398438 1596
0.348999 110940.101562 1597
0.349999 111234.250000 1614
0.350999 111526.828125 1625
0.351999 111817.828125 1606
0.352999 112107.250000 1618
0.353999 112395.070312 1611
0.354999 112681.296875 1597
0.355999 112965.914062 1613
0.356999 113248.921875 1627
0.357999 113530.304688 1644
0.358999 113810.054688 1668
0.359999 114088.171875 1684
0.360999 114364.648438 1674
0.361999 114639.468750 1653
0.362999 114912.632812 1650
0.363999 115184.132812 1643
0.364999 115453.960938 1664
0.365999 115722.109375 1674
0.366999 115988.570312 1716
0.367999 116253.343750 1685
0.368999 116516.414062 1707
0.369999 116777.773438 1694
0.370999 117037.421875 1711
0.371999 117295.359375 1667
0.372999 117551.562500 1678
0.373999 117806.031250 1698
0.374999 118058.757812 1721
0.375999 118309.742188 1722
0.376999 118558.976562 1739
0.377999 118806.445312 1753
0.378999 119052.156250 1742
0.379999 119296.093750 1713
0.380999 119538.250000 1710
0.381999 119778.625000 1724
0.382999 120017.210938 1735
0.383999 120253.992188 1744
0.384999 120488.984375 1760
0.385999 120722.156250 1758
0.386999 120953.523438 1762
0.387999 121183.070312 1751
0.388999 121410.789062 1741
0.389999 121636.671875 1737
0.390999 121860.718750 1747
0.391998 122082.929688 1746
0.392998 122303.289062 1786
0.393998 122521.796875 1793
0.394998 122738.437500 1806
0.395998 122953.218750 1790
0.396998 123166.132812 1783
0.397998 123377.164062 1775
0.398998 123586.320312 1770
0.399998 123793.585938 1784
0.400998 123998.968750 1811
0.401998 124202.445312 1815
0.402998 124404.023438 1827
0.403998 124603.695312 1823
0.404998 124801.460938 1808
0.405998 124997.304688 1801
0.406998 125191.226562 1785
0.407998 125383.226562 1818
0.408998 125573.296875 1839
0.409998 125761.421875 1843
0.410998 125947.617188 1876
0.411998 126131.859375 1856
0.412998 126314.156250 1846
0.413998 126494.500000 1822
0.414998 126672.882812 1825
0.415998 126849.304688 1809
0.416998 127023.765625 1845
0.417998 127196.242188 1857
0.418998 127366.750000 1862
0.419998 127535.281250 1859
0.420998 127701.820312 1854
0.421998 127866.375000 1843
0.422998 128028.937500 1848
0.423998 128189.507812 1849
0.424998 128348.070312 1876
0.425998 128504.632812 1865
0.426998 128659.187500 1899
0.427998 128811.734375 1892
0.428998 128962.257812 1892
0.429998 129110.765625 1859
0.430998 129257.257812 1881
0.431998 129401.710938 1865
0.432998 129544.140625 1898
0.433998 129684.539062 1891
0.434998 129822.898438 1923
0.435998 129959.218750 1918
0.436998 130093.492188 1894
0.437998 130225.718750 1891
0.438998 130355.898438 1883
0.439998 130484.023438 1875
0.440998 130610.093750 1911
0.441998 130734.101562 1927
0.442998 130856.046875 1962
0.443998 130975.929688 1940
0.444998 131093.750000 1916
0.445998 131209.484375 1870
0.446998 131323.156250 1898
0.447998 131434.750000 1898
0.448998 131544.265625 1920
0.449998 131651.687500 1945
0.450998 131757.046875 1932
0.451998 131860.296875 1930
0.452998 131961.468750 1948
0.453998 132060.546875 1904
0.454998 132157.531250 1888
0.455998 132252.406250 1923
0.456998 132345.203125 1933
0.457998 132435.875000 1940
0.458998 132524.468750 1948
0.459998 132610.937500 1919
0.460998 132695.312500 1941
0.461998 132777.562500 1929
0.462998 132857.703125 1909
0.463998 132935.734375 1931
0.464998 133011.656250 1956
0.465998 133085.453125 1967
0.466998 133157.140625 1955
0.467998 133226.687500 1934
0.468998 133294.125000 1944
0.469997 133359.437500 1935
0.470997 133422.625000 1953
0.471997 133483.687500 1961
0.472997 133542.609375 1956
0.473997 133599.406250 1975
0.474997 133654.078125 1980
0.475997 133706.609375 1951
0.476997 133757.015625 1946
0.477997 133805.281250 1924
0.478997 133851.406250 1921
0.479997 133895.390625 1932
0.480997 133937.234375 1978
0.481997 133976.953125 1962
0.482997 134014.515625 1989
0.483997 134049.953125 1957
0.484997 134083.234375 1947
0.485997 134114.375000 1937
0.486997 134143.375000 1946
0.487997 134170.234375 1958
0.488997 134194.937500 2000
0.489997 134217.500000 1979
0.490997 134237.921875 1993
0.491997 134256.187500 1960
0.492997 134272.312500 1961
0.493997 134286.281250 1947
0.494997 134298.109375 1956
0.495997 134307.781250 1963
0.496997 134315.312500 1992
0.497997 134320.687500 1978
0.498997 134323.921875 1982
0.499997 134325.000000 1942
0.500997 134323.937500 1957
0.501997 134320.718750 1966
0.502997 134315.343750 1995
0.503997 134307.828125 2001
0.504997 134298.171875 2012
0.505997 134286.359375 1989
0.506997 134272.390625 1965
0.507997 134256.281250 1954
0.508997 134238.031250 1931
0.509997 134217.625000 1932
0.510997 134195.078125 2001
0.511997 134170.375000 1999
0.512997 134143.531250 2002
0.513997 134114.546875 1975
0.514997 134083.421875 1976
0.515997 134050.156250 1945
0.516997 134014.734375 1922
0.517997 133977.171875 1945
0.518997 133937.468750 1999
0.519997 133895.640625 1982
0.520997 133851.656250 2005
0.521997 133805.546875 1967
0.522997 133757.296875 1941
0.523997 133706.906250 1944
0.524997 133654.390625 1938
0.525997 133599.734375 1955
0.526997 133542.937500 1996
0.527997 133484.031250 1980
0.528997 133422.984375 1985
0.529997 133359.812500 1965
0.530997 133294.515625 1966
0.531997 133227.093750 1950
0.532997 133157.546875 1943
0.533997 133085.875000 1950
0.534997 133012.093750 1997
0.535997 132936.187500 1972
0.536997 132858.171875 1973
0.537997 132778.031250 1934
0.538997 132695.781250 1933
0.539997 132611.437500 1924
0.540997 132524.968750 1953
0.541997 132436.390625 1980
0.542997 132345.718750 1977
0.543997 132252.953125 1967
0.544997 132158.078125 1939
0.545997 132061.109375 1910
0.546997 131962.046875 1930
0.547997 131860.890625 1939
0.548997 131757.640625 1933
0.549996 131652.312500 1956
0.550996 131544.890625 1968
0.551996 131435.390625 1933
0.552996 131323.812500 1942
0.553996 131210.156250 1906
0.554996 131094.421875 1917
0.555996 130976.617188 1911
0.556996 130856.750000 1932
0.557996 130734.812500 1914
0.558996 130610.812500 1954
0.559996 130484.757812 1915
0.560996 130356.640625 1923
0.561996 130226.476562 1873
0.562996 130094.257812 1911
0.563996 129959.992188 1925
0.564996 129823.687500 1931
0.565996 129685.343750 1962
0.566996 129544.953125 1950
0.567996 129402.539062 1916
0.568996 129258.093750 1918
0.569996 129111.617188 1881
0.570996 128963.117188 1878
0.571996 128812.601562 1902
0.572996 128660.070312 1914
0.573996 128505.531250 1906
0.574996 128348.976562 1920
0.575996 128190.421875 1882
0.576996 128029.867188 1887
0.577996 127867.320312 1853
0.578996 127702.773438 1865
0.579996 127536.242188 1885
0.580996 127367.726562 1894
0.581996 127197.234375 1899
0.582996 127024.757812 1899
0.583996 126850.320312 1872
0.584996 126673.906250 1861
0.585996 126495.531250 1847
0.586996 126315.203125 1856
0.587996 126132.914062 1859
0.588996 125948.679688 1881
0.589996 125762.500000 1846
0.590996 125574.382812 1876
0.591996 125384.328125 1850
0.592996 125192.335938 1841
0.593996 124998.429688 1827
0.594996 124802.593750 1835
0.595996 124604.843750 1848
0.596996 124405.179688 1861
0.597996 124203.609375 1872
0.598996 124000.140625 1873
0.599996 123794.773438 1828
0.600996 123587.515625 1808
0.601996 123378.375000 1813
0.602996 123167.351562 1831
0.603996 122954.453125 1841
0.604996 122739.679688 1863
0.605996 122523.046875 1840
0.606996 122304.554688 1851
0.607996 122084.203125 1816
0.608996 121862.007812 1808
0.609996 121637.968750 1770
0.610996 121412.093750 1772
0.611996 121184.382812 1777
0.612996 120954.851562 1804
0.613996 120723.492188 1804
0.614996 120490.328125 1813
0.615996 120255.351562 1777
0.616996 120018.578125 1780
0.617996 119780.000000 1741
0.618996 119539.640625 1748
0.619996 119297.492188 1752
0.620996 119053.562500 1758
0.621996 118807.867188 1776
0.622996 118560.406250 1785
0.623996 118311.179688 1799
0.624996 118060.210938 1788
0.625996 117807.484375 1787
0.626996 117553.031250 1796
0.627995 117296.835938 1759
0.628995 117038.914062 1760
0.629995 116779.273438 1776
0.630995 116517.921875 1792
0.631995 116254.859375 1806
0.632995 115990.101562 1762
0.633995 115723.648438 1763
0.634995 115455.507812 1723
0.635995 115185.695312 1736
0.636995 114914.203125 1731
0.637995 114641.046875 1745
0.638995 114366.234375 1738
0.639995 114089.773438 1750
0.640995 113811.664062 1718
0.641995 113531.914062 1717
0.642995 113250.546875 1692
0.643995 112967.546875 1675
0.644995 112682.937500 1655
0.645995 112396.726562 1688
0.646995 112108.906250 1673
0.647995 111819.500000 1688
0.648995 111528.507812 1674
0.649995 111235.937500 1657
0.650995 110941.796875 1649
0.651995 110646.101562 1618
0.652995 110348.851562 1604
0.653995 110050.054688 1602
0.654995 109749.718750 1611
0.655995 109447.851562 1618
0.656995 109144.468750 1612
0.657995 108839.562500 1638
0.658995 108533.164062 1609
0.659995 108225.257812 1614
0.660995 107915.867188 1593
0.661995 107604.992188 1576
0.662995 107292.648438 1561
0.663995 106978.843750 1590
0.664995 106663.578125 1607
0.665995 106346.867188 1593
0.666995 106028.718750 1587
0.667995 105709.140625 1600
0.668995 105388.140625 1559
0.669995 105065.726562 1547
0.670995 104741.906250 1506
0.671995 104416.695312 1525
0.672995 104090.093750 1512
0.673995 103762.125000 1516
0.674995 103432.781250 1522
0.675995 103102.070312 1544
0.676995 102770.023438 1527
0.677995 102436.625000 1554
0.678995 102101.898438 1518
0.679995 101765.851562 1527
0.680995 101428.484375 1494
0.681995 101089.820312 1497
0.682995 100749.851562 1464
0.683995 100408.601562 1473
0.684995 100066.078125 1495
0.685995 99722.289062 1490
0.686995 99377.242188 1514
0.687995 99030.945312 1518
0.688995 98683.414062 1473
0.689995 98334.656250 1450
0.690995 97984.671875 1451
0.691995 97633.484375 1443
0.692995 97281.101562 1422
0.693995 96927.523438 1437
0.694995 96572.773438 1428
0.695995 96216.851562 1432
0.696995 95859.773438 1451
0.697995 95501.546875 1454
0.698995 95142.179688 1430
0.699995 94781.679688 1433
0.700995 94420.070312 1401
0.701995 94057.351562 1414
0.702995 93693.539062 1392
0.703995 93328.632812 1388
0.704994 92962.656250 1396
0.705994 92595.609375 1386
0.706994 92227.515625 1398
0.707994 91858.367188 1382
0.708994 91488.195312 1385
0.709994 91116.992188 1359
0.710994 90744.781250 1313
0.711994 90371.570312 1354
0.712994 89997.367188 1323
0.713994 89622.187500 1316
0.714994 89246.039062 1303
0.715994 88868.929688 1309
0.716994 88490.882812 1338
0.717994 88111.890625 1322
0.718994 87731.984375 1321
0.719994 87351.164062 1322
0.720994 86969.437500 1312
0.721994 86586.820312 1301
0.722994 86203.328125 1285
0.723994 85818.976562 1284
0.724994 85433.757812 1252
0.725994 85047.703125 1269
0.726994 84660.812500 1241
0.727994 84273.101562 1258
0.728994 83884.585938 1259
0.729994 83495.273438 1227
0.730994 83105.171875 1251
0.731994 82714.296875 1221
0.732994 82322.664062 1209
0.733994 81930.281250 1179
0.734994 81537.164062 1175
0.735994 81143.320312 1158
0.736994 80748.757812 1156
0.737994 80353.500000 1158
0.738994 79957.554688 1169
0.739994 79560.929688 1181
0.740994 79163.648438 1184
0.741994 78765.710938 1205
0.742994 78367.132812 1204
0.743994 77967.929688 1228
0.744994 77568.109375 1211
0.745994 77167.695312 1211
0.746994 76766.687500 1193
0.747994 76365.101562 1183
0.748994 75962.960938 1163
0.749994 75560.265625 1147
0.750994 75157.031250 1148
0.751994 74753.273438 1150
0.752994 74349.000000 1125
0.753994 73944.234375 1132
0.754994 73538.984375 1110
0.755994 73133.257812 1142
0.756994 72727.070312 1109
0.757994 72320.445312 1093
0.758994 71913.382812 1081
0.759994 71505.898438 1071
0.760994 71098.015625 1048
0.761994 70689.734375 1030
0.762994 70281.070312 1027
0.763994 69872.046875 1012
0.764994 69462.671875 1001
0.765994 69052.960938 1023
0.766994 68642.921875 1008
0.767994 68232.570312 1025
0.768994 67821.921875 1008
0.769994 67410.992188 1019
0.770994 66999.796875 1011
0.771994 66588.343750 1013
0.772994 66176.648438 991
0.773994 65764.726562 1001
0.774994 65352.589844 980
0.775994 64940.257812 954
0.776994 64527.738281 950
0.777994 64115.050781 942
0.778994 63702.203125 925
0.779994 63289.218750 943
0.780994 62876.101562 929
0.781994 62462.875000 946
0.782993 62049.550781 920
0.783993 61636.140625 946
0.784993 61222.664062 935
0.785993 60809.132812 931
0.786993 60395.558594 946
0.787993 59981.960938 905
0.788993 59568.355469 875
0.789993 59154.750000 885
0.790993 58741.167969 871
0.791993 58327.621094 864
0.792993 57914.121094 869
0.793993 57500.687500 871
0.794993 57087.332031 840
0.795993 56674.074219 843
0.796993 56260.925781 867
0.797993 55847.902344 872
0.798993 55435.019531 859
0.799993 55022.292969 862
0.800993 54609.742188 834
0.801993 54197.375000 834
0.802993 53785.210938 820
0.803993 53373.265625 815
0.804993 52961.554688 806
0.805993 52550.093750 776
0.806993 52138.898438 780
0.807993 51727.984375 795
0.808993 51317.367188 763
0.809993 50907.062500 773
0.810993 50497.089844 737
0.811993 50087.460938 755
0.812993 49678.191406 739
0.813993 49269.300781 737
0.814993 48860.804688 723
0.815993 48452.714844 735
0.816993 48045.054688 731
0.817993 47637.835938 738
0.818993 47231.074219 735
0.819993 46824.789062 722
0.820993 46418.996094 716
0.821993 46013.710938 711
0.822993 45608.949219 711
0.823993 45204.730469 705
0.824993 44801.070312 696
0.825993 44397.980469 681
0.826993 43995.488281 662
0.827993 43593.601562 669
0.828993 43192.339844 647
0.829993 42791.718750 652
0.830993 42391.761719 625
0.831993 41992.476562 634
0.832993 41593.886719 604
0.833993 41196.007812 626
0.834993 40798.855469 600
0.835993 40402.449219 607
0.836993 40006.804688 604
0.837993 39611.937500 611
0.838993 39217.871094 597
0.839993 38824.617188 607
0.840993 38432.195312 599
0.841993 38040.625000 606
0.842993 37649.917969 578
0.843993 37260.097656 592
0.844993 36871.183594 575
0.845993 36483.183594 574
0.846993 36096.125000 561
0.847993 35710.023438 567
0.848993 35324.894531 545
0.849993 34940.757812 545
0.850993 34557.632812 508
0.851993 34175.535156 533
0.852993 33794.480469 504
0.853993 33414.492188 513
0.854993 33035.585938 511
0.855993 32657.783203 494
0.856993 32281.097656 478
0.857993 31905.548828 486
0.858993 31531.158203 465
0.859993 31157.939453 493
0.860992 30785.916016 462
0.861992 30415.103516 489
0.862992 30045.521484 449
0.863992 29677.187500 482
0.864992 29310.123047 435
0.865992 28944.343750 453
0.866992 28579.869141 445
0.867992 28216.720703 441
0.868992 27854.914062 457
0.869992 27494.470703 426
0.870992 27135.408203 425
0.871992 26777.746094 436
0.872992 26421.503906 412
0.873992 26066.701172 400
0.874992 25713.355469 397
0.875992 25361.488281 410
0.876992 25011.117188 394
0.877992 24662.261719 381
0.878992 24314.941406 357
0.879992 23969.177734 376
0.880992 23624.988281 354
0.881992 23282.392578 363
0.882992 22941.412109 345
0.883992 22602.064453 357
0.884992 22264.371094 326
0.885992 21928.349609 331
0.886992 21594.023438 324
0.887992 21261.410156 324
0.888992 20930.529297 313
0.889992 20601.400391 318
0.890992 20274.046875 323
0.891992 19948.486328 319
0.892992 19624.740234 311
0.893992 19302.826172 312
0.894992 18982.767578 284
0.895992 18664.582031 284
0.896992 18348.292969 298
0.897992 18033.919922 288
0.898992 17721.480469 281
0.899992 17411.000000 278
0.900992 17102.494141 269
0.901992 16795.988281 267
0.902992 16491.500000 268
0.903992 16189.049805 260
0.904992 15888.660156 262
0.905992 15590.351562 256
0.906992 15294.144531 233
0.907992 15000.060547 251
0.908992 14708.121094 227
0.909992 14418.344727 239
0.910992 14130.755859 219
0.911992 13845.373047 237
0.912992 13562.218750 219
0.913992 13281.314453 226
0.914992 13002.681641 223
0.915992 12726.339844 218
0.916992 12452.312500 213
0.917992 12180.620117 182
0.918992 11911.285156 167
0.919992 11644.328125 203
0.920992 11379.770508 175
0.921992 11117.635742 187
0.922992 10857.943359 169
0.923992 10600.716797 183
0.924992 10345.976562 183
0.925992 10093.746094 159
0.926992 9844.045898 141
0.927992 9596.899414 168
0.928992 9352.327148 157
0.929992 9110.351562 153
0.930992 8870.996094 154
0.931992 8634.281250 149
0.932992 8400.230469 133
0.933992 8168.866211 136
0.934992 7940.209473 113
0.935992 7714.283691 141
0.936992 7491.111328 122
0.937991 7270.714355 130
0.938991 7053.115723 122
0.939991 6838.338379 107
0.940991 6626.404297 108
0.941991 6417.336426 110
0.942991 6211.157227 93
0.943991 6007.890625 105
0.944991 5807.558594 85
0.945991 5610.184082 101
0.946991 5415.790039 99
0.947991 5224.399902 83
0.948991 5036.036621 96
0.949991 4850.723145 87
0.950991 4668.482422 77
0.951991 4489.338379 88
0.952991 4313.313965 69
0.953991 4140.432129 70
0.954991 3970.717041 73
0.955991 3804.191650 74
0.956991 3640.879395 56
0.957991 3480.804199 63
0.958991 3323.989258 61
0.959991 3170.458252 60
0.960991 3020.235107 53
0.961991 2873.343506 51
0.962991 2729.807129 52
0.963991 2589.650146 58
0.964991 2452.895996 39
0.965991 2319.568848 44
0.966991 2189.692871 43
0.967991 2063.291992 43
0.968991 1940.390381 37
0.969991 1821.012085 38
0.970991 1705.181396 26
0.971991 1592.922485 30
0.972991 1484.259888 36
0.973991 1379.217773 29
0.974991 1277.820679 27
0.975991 1180.093018 29
0.976991 1086.059326 28
0.977991 995.744141 23
0.978991 909.172180 24
0.979991 826.368042 15
0.980991 747.356506 14
0.981991 672.162354 18
0.982991 600.810425 17
0.983991 533.325562 16
0.984991 469.732788 14
0.985991 410.057007 12
0.986991 354.323273 10
0.987991 302.556702 10
0.988991 254.782440 9
0.989991 211.025665 9
0.990991 171.311630 6
0.991991 135.665649 5
0.992991 104.113060 5
0.993991 76.679260 5
0.994991 53.389709 4
0.995991 34.269917 4
0.996991 19.345432 4
0.997991 8.641867 4
0.998991 2.184881 4
