0.000000 0 -17
0.001000 1 -16
0.002000 2 -15
0.003000 3 -10
0.004000 5 -9
0.005000 6 -8
0.006000 7 -7
0.007000 8 -7
0.008000 10 -5
0.009000 11 -5
0.010000 12 -5
0.011000 13 -5
0.012000 15 -4
0.013000 16 -3
0.014000 17 -3
0.015000 18 0
0.016000 20 0
0.017000 21 0
0.018000 22 26
0.019000 23 40
0.020000 25 42
0.021000 26 47
0.022000 27 53
0.023000 28 43
0.024000 30 64
0.025000 31 66
0.026000 32 69
0.027000 33 58
0.028000 35 76
0.029000 36 74
0.030000 37 72
0.031000 38 82
0.032000 39 84
0.033000 41 76
0.034000 42 92
0.035000 43 101
0.036000 44 97
0.037000 46 93
0.038000 47 92
0.039000 48 96
0.040000 49 87
0.041000 50 95
0.042000 52 103
0.043000 53 92
0.044000 54 103
0.045000 55 90
0.046000 57 118
0.047000 58 98
0.048000 59 106
0.049000 60 102
0.050000 61 80
0.051000 62 98
0.052000 64 103
0.053000 65 102
0.054000 66 98
0.055000 67 83
0.056000 68 105
0.057000 70 87
0.058000 71 96
0.059000 72 98
0.060000 73 74
0.061000 74 93
0.062000 75 95
0.063000 77 81
0.064000 78 104
0.065000 79 82
0.066000 80 99
0.067000 81 90
0.068000 82 94
0.069000 84 94
0.070000 85 86
0.071000 86 90
0.072000 87 96
0.073000 88 69
0.074000 89 101
0.075000 90 93
0.076000 91 106
0.077000 93 98
0.078000 94 75
0.079000 95 91
0.080000 96 91
0.081000 97 90
0.082000 98 94
0.083000 99 98
0.084000 100 98
0.085000 101 100
0.086000 102 91
0.087000 103 102
0.088000 105 89
0.089000 106 100
0.090000 107 104
0.091000 108 99
0.092000 109 103
0.093000 110 89
0.094000 111 97
0.095000 112 98
0.096000 113 92
0.097000 114 92
0.098000 115 73
0.099000 116 96
0.100000 117 92
0.101000 118 85
0.102000 119 100
0.103000 120 93
0.104000 121 103
0.105000 122 99
0.106000 123 90
0.107000 124 98
0.108000 125 85
0.109000 126 97
0.110000 127 103
0.111000 128 108
0.112000 129 110
0.113000 130 98
0.114000 131 117
0.115000 132 98
0.116000 133 128
0.117000 134 95
0.118000 135 123
0.119000 135 109
0.120000 136 118
0.121000 137 114
0.122000 138 127
0.123000 139 128
0.124000 140 127
0.125000 141 131
0.126000 142 123
0.127000 143 129
0.128000 144 128
0.129000 144 154
0.130000 145 154
0.131000 146 141
0.132000 147 156
0.133000 148 124
0.134000 149 151
0.135000 150 152
0.136000 150 143
0.137000 151 152
0.138000 152 164
0.139000 153 145
0.140000 154 157
0.141000 154 165
0.142000 155 144
0.143000 156 166
0.144000 157 169
0.145000 158 153
0.146000 158 165
0.147000 159 153
0.148000 160 150
0.149000 161 163
0.150000 161 171
0.151000 162 137
0.152000 163 174
0.153000 163 173
0.154000 164 177
0.155000 165 168
0.156000 166 179
0.157000 166 172
0.158000 167 158
0.159000 168 177
0.160000 168 172
0.161000 169 154
0.162000 170 155
0.163000 170 168
0.164000 171 171
0.165000 172 150
0.166000 172 167
0.167000 173 186
0.168000 174 170
0.169000 174 162
0.170000 175 165
0.171000 175 178
0.172000 176 179
0.173000 177 158
0.174000 177 176
0.175000 178 175
0.176000 178 180
0.177000 179 174
0.178000 179 185
0.179000 180 179
0.180000 180 172
0.181000 181 179
0.182000 182 179
0.183000 182 187
0.184000 183 181
0.185000 183 179
0.186000 184 174
0.187000 184 188
0.188000 185 186
0.189000 185 179
0.190000 185 182
0.191000 186 194
0.192000 186 188
0.193000 187 180
0.194000 187 189
0.195000 188 209
0.196000 188 198
0.197000 189 198
0.198000 189 203
0.199000 189 179
0.200000 190 180
0.201000 190 200
0.202000 190 209
0.203000 191 202
0.204000 191 204
0.205000 192 178
0.206000 192 182
0.207000 192 211
0.208000 193 197
0.209000 193 202
0.210000 193 202
0.211000 194 185
0.212000 194 180
0.213000 194 199
0.214000 194 209
0.215000 195 214
0.216000 195 213
0.217000 195 195
0.218000 195 193
0.219000 196 193
0.220000 196 195
0.221000 196 203
0.222000 196 206
0.223000 197 213
0.224000 197 205
0.225000 197 195
0.226000 197 190
0.227000 197 203
0.228000 198 211
0.229000 198 209
0.230000 198 220
0.231000 198 204
0.232000 198 213
0.233000 198 198
0.234000 198 187
0.235000 199 208
0.236000 199 219
0.237000 199 207
0.238000 199 208
0.239000 199 206
0.240000 199 225
0.241000 199 186
0.242000 199 189
0.243000 199 205
0.244000 199 197
0.245000 199 215
0.246000 199 205
0.247000 199 182
0.248000 199 183
0.249000 199 195
0.250000 199 200
0.251000 199 206
0.252000 199 209
0.253000 199 179
0.254000 199 178
0.255000 199 203
0.256000 199 204
0.257000 199 204
0.258000 199 211
0.259000 199 199
0.260000 199 192
0.261000 199 192
0.262000 199 185
0.263000 199 201
0.264000 199 198
0.265000 199 202
0.266000 198 198
0.267000 198 179
0.268000 198 188
0.269000 198 198
0.270000 198 199
0.271000 198 205
0.272000 198 204
0.273000 197 188
0.274000 197 179
0.275000 197 211
0.276000 197 197
0.277000 197 206
0.278000 196 199
0.279000 196 182
0.280000 196 177
0.281000 196 206
0.282000 195 198
0.283000 195 190
0.284000 195 184
0.285000 195 190
0.286000 194 191
0.287000 194 202
0.288000 194 202
0.289000 194 186
0.290000 193 195
0.291000 193 196
0.292000 193 193
0.293000 192 213
0.294000 192 209
0.295000 192 199
0.296000 191 203
0.297000 191 182
0.298000 190 193
0.299000 190 211
0.300000 190 215
0.301000 189 214
0.302000 189 216
0.303000 189 204
0.304000 188 215
0.305000 188 186
0.306000 187 186
0.307000 187 209
0.308000 186 211
0.309000 186 214
0.310000 185 203
0.311000 185 214
0.312000 185 204
0.313000 184 194
0.314000 184 182
0.314999 183 204
0.315999 183 209
0.316999 182 198
0.317999 182 213
0.318999 181 189
0.319999 180 184
0.320999 180 206
0.321999 179 199
0.322999 179 199
0.323999 178 210
0.324999 178 186
0.325999 177 184
0.326999 177 195
0.327999 176 202
0.328999 175 201
0.329999 175 198
0.330999 174 185
0.331999 174 179
0.332999 173 197
0.333999 172 194
0.334999 172 199
0.335999 171 194
0.336999 170 182
0.337999 170 177
0.338999 169 187
0.339999 168 178
0.340999 168 161
0.341999 167 190
0.342999 166 171
0.343999 166 168
0.344999 165 169
0.345999 164 170
0.346999 163 162
0.347999 163 151
0.348999 162 163
0.349999 161 162
0.350999 161 155
0.351999 160 162
0.352999 159 158
0.353999 158 128
0.354999 158 154
0.355999 157 158
0.356999 156 151
0.357999 155 163
0.358999 154 162
0.359999 154 150
0.360999 153 159
0.361999 152 154
0.362999 151 163
0.363999 150 159
0.364999 150 156
0.365999 149 147
0.366999 148 161
0.367999 147 167
0.368999 146 158
0.369999 145 166
0.370999 144 145
0.371999 144 144
0.372999 143 155
0.373999 142 155
0.374999 141 160
0.375999 140 160
0.376999 139 152
0.377999 138 140
0.378999 137 157
0.379999 136 150
0.380999 135 156
0.381999 135 150
0.382999 134 142
0.383999 133 145
0.384999 132 154
0.385999 131 143
0.386999 130 146
0.387999 129 148
0.388999 128 159
0.389999 127 145
0.390999 126 131
0.391998 125 143
0.392998 124 134
0.393998 123 120
0.394998 122 131
0.395998 121 123
0.396998 120 132
0.397998 119 128
0.398998 118 126
0.399998 117 128
0.400998 116 120
0.401998 115 138
0.402998 114 127
0.403998 113 119
0.404998 112 124
0.405998 111 124
0.406998 110 120
0.407998 109 113
0.408998 108 110
0.409998 107 118
0.410998 106 110
0.411998 105 115
0.412998 103 112
0.413998 102 103
0.414998 101 111
0.415998 100 78
0.416998 99 110
0.417998 98 105
0.418998 97 105
0.419998 96 103
0.420998 95 81
0.421998 94 99
0.422998 93 100
0.423998 91 92
0.424998 90 98
0.425998 89 84
0.426998 88 98
0.427998 87 84
0.428998 86 89
0.429998 85 85
0.430998 84 81
0.431998 82 92
0.432998 81 83
0.433998 80 73
0.434998 79 84
0.435998 78 81
0.436998 77 66
0.437998 75 82
0.438998 74 75
0.439998 73 56
0.440998 72 64
0.441998 71 70
0.442998 70 66
0.443998 68 59
0.444998 67 66
0.445998 66 66
0.446998 65 63
0.447998 64 62
0.448998 62 67
0.449998 61 62
0.450998 60 58
0.451998 59 62
0.452998 58 59
0.453998 57 50
0.454998 55 51
0.455998 54 51
0.456998 53 46
0.457998 52 45
0.458998 50 51
0.459998 49 40
0.460998 48 57
0.461998 47 46
0.462998 46 47
0.463998 44 54
0.464998 43 50
0.465998 42 48
0.466998 41 50
0.467998 39 50
0.468998 38 46
0.469997 37 41
0.470997 36 51
0.471997 35 44
0.472997 33 51
0.473997 32 48
0.474997 31 45
0.475997 30 39
0.476997 28 42
0.477997 27 38
0.478997 26 36
0.479997 25 37
0.480997 23 50
0.481997 22 34
0.482997 21 36
0.483997 20 35
0.484997 18 33
0.485997 17 36
0.486997 16 29
0.487997 15 26
0.488997 13 23
0.489997 12 25
0.490997 11 24
0.491997 10 22
0.492997 8 25
0.493997 7 21
0.494997 6 16
0.495997 5 17
0.496997 3 12
0.497997 2 10
0.498997 1 6
0.499997 0 4
0.500997 -1 4
0.501997 -2 4
0.502997 -3 4
0.503997 -5 -30
0.504997 -6 -32
0.505997 -7 -55
0.506997 -8 -40
0.507997 -10 -64
0.508997 -11 -59
0.509997 -12 -72
0.510997 -13 -55
0.511997 -15 -74
0.512997 -16 -75
0.513997 -17 -69
0.514997 -18 -78
0.515997 -20 -82
0.516997 -21 -89
0.517997 -22 -85
0.518997 -23 -82
0.519997 -25 -74
0.520997 -26 -85
0.521997 -27 -88
0.522997 -28 -69
0.523997 -30 -80
0.524997 -31 -83
0.525997 -32 -78
0.526997 -33 -93
0.527997 -35 -92
0.528997 -36 -69
0.529997 -37 -89
0.530997 -38 -84
0.531997 -39 -85
0.532997 -41 -86
0.533997 -42 -80
0.534997 -43 -76
0.535997 -44 -84
0.536997 -46 -84
0.537997 -47 -76
0.538997 -48 -71
0.539997 -49 -75
0.540997 -50 -53
0.541997 -52 -71
0.542997 -53 -70
0.543997 -54 -60
0.544997 -55 -55
0.545997 -56 -56
0.546997 -58 -50
0.547997 -59 -60
0.548997 -60 -47
0.549996 -61 -56
0.550996 -62 -54
0.551996 -64 -49
0.552996 -65 -46
0.553996 -66 -45
0.554996 -67 -49
0.555996 -68 -53
0.556996 -70 -58
0.557996 -71 -42
0.558996 -72 -50
0.559996 -73 -56
0.560996 -74 -54
0.561996 -75 -54
0.562996 -77 -51
0.563996 -78 -64
0.564996 -79 -62
0.565996 -80 -59
0.566996 -81 -50
0.567996 -82 -69
0.568996 -84 -73
0.569996 -85 -55
0.570996 -86 -69
0.571996 -87 -73
0.572996 -88 -75
0.573996 -89 -87
0.574996 -90 -85
0.575996 -91 -65
0.576996 -93 -81
0.577996 -94 -96
0.578996 -95 -79
0.579996 -96 -98
0.580996 -97 -106
0.581996 -98 -103
0.582996 -99 -110
0.583996 -100 -113
0.584996 -101 -118
0.585996 -102 -112
0.586996 -103 -111
0.587996 -105 -101
0.588996 -106 -106
0.589996 -107 -91
0.590996 -108 -110
0.591996 -109 -102
0.592996 -110 -109
0.593996 -111 -99
0.594996 -112 -107
0.595996 -113 -117
0.596996 -114 -112
0.597996 -115 -106
0.598996 -116 -96
0.599996 -117 -108
0.600996 -118 -92
0.601996 -119 -119
0.602996 -120 -102
0.603996 -121 -118
0.604996 -122 -103
0.605996 -123 -113
0.606996 -124 -110
0.607996 -125 -112
0.608996 -126 -113
0.609996 -127 -126
0.610996 -128 -121
0.611996 -129 -122
0.612996 -130 -108
0.613996 -131 -131
0.614996 -132 -112
0.615996 -133 -131
0.616996 -134 -121
0.617996 -135 -140
0.618996 -135 -125
0.619996 -136 -133
0.620996 -137 -138
0.621996 -138 -119
0.622996 -139 -146
0.623996 -140 -156
0.624996 -141 -148
0.625996 -142 -147
0.626996 -143 -143
0.627995 -144 -154
0.628995 -144 -149
0.629995 -145 -142
0.630995 -146 -147
0.631995 -147 -146
0.632995 -148 -150
0.633995 -149 -154
0.634995 -150 -134
0.635995 -150 -158
0.636995 -151 -161
0.637995 -152 -129
0.638995 -153 -159
0.639995 -154 -156
0.640995 -154 -159
0.641995 -155 -162
0.642995 -156 -137
0.643995 -157 -152
0.644995 -158 -148
0.645995 -158 -134
0.646995 -159 -155
0.647995 -160 -158
0.648995 -161 -142
0.649995 -161 -152
0.650995 -162 -159
0.651995 -163 -144
0.652995 -163 -164
0.653995 -164 -153
0.654995 -165 -155
0.655995 -166 -163
0.656995 -166 -157
0.657995 -167 -149
0.658995 -168 -162
0.659995 -168 -172
0.660995 -169 -150
0.661995 -170 -162
0.662995 -170 -160
0.663995 -171 -154
0.664995 -172 -179
0.665995 -172 -162
0.666995 -173 -148
0.667995 -174 -162
0.668995 -174 -172
0.669995 -175 -173
0.670995 -175 -168
0.671995 -176 -174
0.672995 -177 -184
0.673995 -177 -158
0.674995 -178 -164
0.675995 -178 -174
0.676995 -179 -160
0.677995 -179 -177
0.678995 -180 -166
0.679995 -180 -154
0.680995 -181 -153
0.681995 -182 -182
0.682995 -182 -177
0.683995 -183 -169
0.684995 -183 -162
0.685995 -184 -182
0.686995 -184 -176
0.687995 -185 -168
0.688995 -185 -172
0.689995 -185 -172
0.690995 -186 -183
0.691995 -186 -185
0.692995 -187 -173
0.693995 -187 -166
0.694995 -188 -196
0.695995 -188 -196
0.696995 -189 -203
0.697995 -189 -203
0.698995 -189 -186
0.699995 -190 -193
0.700995 -190 -211
0.701995 -190 -210
0.702995 -191 -194
0.703995 -191 -199
0.704994 -192 -192
0.705994 -192 -181
0.706994 -192 -210
0.707994 -193 -224
0.708994 -193 -208
0.709994 -193 -199
0.710994 -194 -196
0.711994 -194 -187
0.712994 -194 -194
0.713994 -194 -197
0.714994 -195 -197
0.715994 -195 -197
0.716994 -195 -191
0.717994 -195 -185
0.718994 -196 -202
0.719994 -196 -197
0.720994 -196 -206
0.721994 -196 -209
0.722994 -197 -192
0.723994 -197 -197
0.724994 -197 -194
0.725994 -197 -189
0.726994 -197 -215
0.727994 -198 -207
0.728994 -198 -218
0.729994 -198 -204
0.730994 -198 -187
0.731994 -198 -197
0.732994 -198 -208
0.733994 -198 -198
0.734994 -199 -205
0.735994 -199 -212
0.736994 -199 -204
0.737994 -199 -216
0.738994 -199 -192
0.739994 -199 -178
0.740994 -199 -206
0.741994 -199 -210
0.742994 -199 -220
0.743994 -199 -216
0.744994 -199 -194
0.745994 -199 -205
0.746994 -199 -196
0.747994 -199 -190
0.748994 -199 -208
0.749994 -199 -210
0.750994 -199 -212
0.751994 -199 -209
0.752994 -199 -192
0.753994 -199 -198
0.754994 -199 -213
0.755994 -199 -208
0.756994 -199 -212
0.757994 -199 -201
0.758994 -199 -201
0.759994 -199 -219
0.760994 -199 -187
0.761994 -199 -184
0.762994 -199 -204
0.763994 -199 -217
0.764994 -199 -196
0.765994 -198 -212
0.766994 -198 -189
0.767994 -198 -197
0.768994 -198 -205
0.769994 -198 -196
0.770994 -198 -208
0.771994 -198 -213
0.772994 -197 -203
0.773994 -197 -208
0.774994 -197 -198
0.775994 -197 -204
0.776994 -197 -195
0.777994 -196 -207
0.778994 -196 -222
0.779994 -196 -211
0.780994 -196 -221
0.781994 -195 -228
0.782993 -195 -208
0.783993 -195 -224
0.784993 -195 -200
0.785993 -194 -210
0.786993 -194 -198
0.787993 -194 -193
0.788993 -194 -215
0.789993 -193 -199
0.790993 -193 -202
0.791993 -193 -211
0.792993 -192 -206
0.793993 -192 -209
0.794993 -192 -192
0.795993 -191 -203
0.796993 -191 -213
0.797993 -190 -193
0.798993 -190 -203
0.799993 -190 -209
0.800993 -189 -209
0.801993 -189 -215
0.802993 -189 -184
0.803993 -188 -186
0.804993 -188 -206
0.805993 -187 -207
0.806993 -187 -207
0.807993 -186 -209
0.808993 -186 -179
0.809993 -185 -196
0.810993 -185 -217
0.811993 -185 -200
0.812993 -184 -204
0.813993 -184 -197
0.814993 -183 -192
0.815993 -183 -186
0.816993 -182 -186
0.817993 -182 -184
0.818993 -181 -201
0.819993 -180 -198
0.820993 -180 -176
0.821993 -179 -180
0.822993 -179 -194
0.823993 -178 -191
0.824993 -178 -194
0.825993 -177 -195
0.826993 -177 -184
0.827993 -176 -184
0.828993 -175 -180
0.829993 -175 -178
0.830993 -174 -172
0.831993 -174 -179
0.832993 -173 -177
0.833993 -172 -181
0.834993 -172 -170
0.835993 -171 -167
0.836993 -170 -174
0.837993 -170 -157
0.838993 -169 -169
0.839993 -168 -158
0.840993 -168 -138
0.841993 -167 -156
0.842993 -166 -149
0.843993 -166 -144
0.844993 -165 -161
0.845993 -164 -150
0.846993 -163 -142
0.847993 -163 -158
0.848993 -162 -138
0.849993 -161 -139
0.850993 -161 -151
0.851993 -160 -141
0.852993 -159 -152
0.853993 -158 -145
0.854993 -158 -145
0.855993 -157 -142
0.856993 -156 -133
0.857993 -155 -143
0.858993 -154 -141
0.859993 -154 -135
0.860992 -153 -147
0.861992 -152 -146
0.862992 -151 -148
0.863992 -150 -149
0.864992 -150 -140
0.865992 -149 -145
0.866992 -148 -129
0.867992 -147 -152
0.868992 -146 -148
0.869992 -145 -112
0.870992 -144 -138
0.871992 -144 -140
0.872992 -143 -135
0.873992 -142 -143
0.874992 -141 -140
0.875992 -140 -150
0.876992 -139 -127
0.877992 -138 -147
0.878992 -137 -141
0.879992 -136 -125
0.880992 -135 -141
0.881992 -135 -133
0.882992 -134 -141
0.883992 -133 -141
0.884992 -132 -139
0.885992 -131 -139
0.886992 -130 -123
0.887992 -129 -131
0.888992 -128 -113
0.889992 -127 -137
0.890992 -126 -137
0.891992 -125 -132
0.892992 -124 -138
0.893992 -123 -110
0.894992 -122 -128
0.895992 -121 -112
0.896992 -120 -127
0.897992 -119 -117
0.898992 -118 -128
0.899992 -117 -111
0.900992 -116 -127
0.901992 -115 -116
0.902992 -114 -123
0.903992 -113 -110
0.904992 -112 -119
0.905992 -111 -108
0.906992 -110 -110
0.907992 -109 -89
0.908992 -108 -106
0.909992 -107 -106
0.910992 -106 -112
0.911992 -105 -111
0.912992 -103 -103
0.913992 -102 -105
0.914992 -101 -86
0.915992 -100 -92
0.916992 -99 -98
0.917992 -98 -100
0.918992 -97 -92
0.919992 -96 -90
0.920992 -95 -89
0.921992 -94 -93
0.922992 -93 -86
0.923992 -91 -96
0.924992 -90 -91
0.925992 -89 -94
0.926992 -88 -94
0.927992 -87 -102
0.928992 -86 -95
0.929992 -85 -77
0.930992 -84 -101
0.931992 -82 -103
0.932992 -81 -88
0.933992 -80 -92
0.934992 -79 -90
0.935992 -78 -86
0.936992 -77 -92
0.937991 -75 -80
0.938991 -74 -87
0.939991 -73 -91
0.940991 -72 -72
0.941991 -71 -88
0.942991 -70 -89
0.943991 -68 -84
0.944991 -67 -83
0.945991 -66 -73
0.946991 -65 -78
0.947991 -64 -80
0.948991 -63 -76
0.949991 -61 -66
0.950991 -60 -75
0.951991 -59 -74
0.952991 -58 -66
0.953991 -57 -70
0.954991 -55 -74
0.955991 -54 -53
0.956991 -53 -67
0.957991 -52 -66
0.958991 -50 -55
0.959991 -49 -50
0.960991 -48 -56
0.961991 -47 -45
0.962991 -46 -50
0.963991 -44 -53
0.964991 -43 -43
0.965991 -42 -47
0.966991 -41 -39
0.967991 -39 -49
0.968991 -38 -44
0.969991 -37 -37
0.970991 -36 -42
0.971991 -35 -39
0.972991 -33 -32
0.973991 -32 -38
0.974991 -31 -38
0.975991 -30 -29
0.976991 -28 -28
0.977991 -27 -30
0.978991 -26 -31
0.979991 -25 -24
0.980991 -23 -26
0.981991 -22 -28
0.982991 -21 -19
0.983991 -20 -22
0.984991 -18 -26
0.985991 -17 -18
0.986991 -16 -17
0.987991 -15 -24
0.988991 -13 -22
0.989991 -12 -19
0.990991 -11 -22
0.991991 -10 -19
0.992991 -8 -18
0.993991 -7 -17
0.994991 -6 -16
0.995991 -5 -15
0.996991 -3 -12
0.997991 -2 -11
0.998991 -1 -11
0.999991 0 -9
1.000991 1 -9
1.001991 2 -9
1.002991 3 -9
1.003991 5 -6
1.004991 6 -6
1.005991 7 -6
1.006991 8 -6
1.007991 10 -6
1.008991 11 -5
1.009991 12 -4
1.010991 13 0
1.011991 15 0
1.012991 16 0
1.013991 17 0
1.014991 18 25
1.015991 20 35
1.016991 21 43
1.017992 22 58
1.018992 23 51
1.019992 25 50
1.020992 26 49
1.021992 27 66
1.022992 28 65
1.023992 30 55
1.024992 31 78
1.025992 32 79
1.026992 33 81
1.027992 34 83
1.028992 36 86
1.029992 37 71
1.030992 38 79
1.031992 39 82
1.032992 41 75
1.033992 42 93
1.034992 43 97
1.035992 44 82
1.036992 46 90
1.037992 47 92
1.038993 48 98
1.039993 49 89
1.040993 50 86
1.041993 52 88
1.042993 53 97
1.043993 54 77
1.044993 55 89
1.045993 56 86
1.046993 58 94
1.047993 59 76
1.048993 60 84
1.049993 61 91
1.050993 62 83
1.051993 64 67
1.052993 65 86
1.053993 66 81
1.054993 67 75
1.055993 68 81
1.056993 70 76
1.057993 71 77
1.058993 72 75
1.059994 73 75
1.060994 74 77
1.061994 75 67
1.062994 77 73
1.063994 78 80
1.064994 79 65
1.065994 80 73
1.066994 81 79
1.067994 82 64
1.068994 84 84
1.069994 85 82
1.070994 86 69
1.071994 87 83
1.072994 88 84
1.073994 89 73
1.074994 90 86
1.075994 91 86
1.076994 93 83
1.077994 94 99
1.078994 95 85
1.079994 96 93
1.080994 97 90
1.081995 98 77
1.082995 99 97
1.083995 100 101
1.084995 101 89
1.085995 102 96
1.086995 103 93
1.087995 105 112
1.088995 106 94
1.089995 107 116
1.090995 108 96
1.091995 109 110
1.092995 110 107
1.093995 111 116
1.094995 112 107
1.095995 113 96
1.096995 114 112
1.097995 115 89
1.098995 116 107
1.099995 117 101
1.100995 118 111
1.101995 119 114
1.102996 120 105
1.103996 121 110
1.104996 122 105
1.105996 123 109
1.106996 124 115
1.107996 125 107
1.108996 126 99
1.109996 127 111
1.110996 128 96
1.111996 129 112
1.112996 130 99
1.113996 131 114
1.114996 132 115
1.115996 133 127
1.116996 134 117
1.117996 135 115
1.118996 135 114
1.119996 136 125
1.120996 137 118
1.121996 138 125
1.122996 139 119
1.123996 140 139
1.124997 141 138
1.125997 142 143
1.126997 143 142
1.127997 144 139
1.128997 144 149
1.129997 145 122
1.130997 146 145
1.131997 147 145
1.132997 148 140
1.133997 149 146
1.134997 150 146
1.135997 150 151
1.136997 151 159
1.137997 152 135
1.138997 153 151
1.139997 154 149
1.140997 154 144
1.141997 155 153
1.142997 156 160
1.143997 157 143
1.144997 158 156
1.145998 158 156
1.146998 159 150
1.147998 160 163
1.148998 161 169
1.149998 161 149
1.150998 162 171
1.151998 163 165
1.152998 163 149
1.153998 164 166
1.154998 165 172
1.155998 166 150
1.156998 166 172
1.157998 167 166
1.158998 168 162
1.159998 168 176
1.160998 169 169
1.161998 170 160
1.162998 170 155
1.163998 171 175
1.164998 172 175
1.165998 172 160
1.166999 173 161
1.167999 174 180
1.168999 174 172
1.169999 175 166
1.170999 175 190
1.171999 176 177
1.172999 177 162
1.173999 177 167
1.174999 178 186
1.175999 178 188
1.176999 179 189
1.177999 179 174
1.178999 180 178
1.179999 180 194
1.180999 181 196
1.181999 182 170
1.182999 182 182
1.183999 183 187
1.184999 183 202
1.185999 184 184
1.186999 184 171
1.187999 185 208
1.189000 185 196
1.190000 185 185
1.191000 186 201
1.192000 186 172
1.193000 187 187
1.194000 187 197
1.195000 188 205
1.196000 188 198
1.197000 189 188
1.198000 189 183
1.199000 189 191
1.200000 190 197
1.201000 190 192
1.202000 190 183
1.203000 191 179
1.204000 191 201
1.205000 192 204
1.206000 192 201
1.207000 192 202
1.208000 193 179
1.209000 193 177
1.210001 193 193
1.211001 194 179
1.212001 194 175
1.213001 194 172
1.214001 194 196
1.215001 195 196
1.216001 195 186
1.217001 195 199
1.218001 195 167
1.219001 196 178
1.220001 196 192
1.221001 196 191
1.222001 196 178
1.223001 197 178
1.224001 197 188
1.225001 197 190
1.226001 197 200
1.227001 197 204
1.228001 198 184
1.229001 198 182
1.230001 198 201
1.231001 198 206
1.232002 198 210
1.233002 198 201
1.234002 198 185
1.235002 199 188
1.236002 199 216
1.237002 199 184
1.238002 199 201
1.239002 199 213
1.240002 199 206
1.241002 199 208
1.242002 199 188
1.243002 199 194
1.244002 199 212
1.245002 199 216
1.246002 199 208
1.247002 199 210
1.248002 199 193
1.249002 199 207
1.250002 199 197
1.251002 199 193
1.252002 199 204
1.253003 199 207
1.254003 199 209
1.255003 199 213
1.256003 199 195
1.257003 199 194
1.258003 199 207
1.259003 199 212
1.260003 199 219
1.261003 199 230
1.262003 199 204
1.263003 199 213
1.264003 199 185
1.265003 199 203
1.266003 198 206
1.267003 198 206
1.268003 198 224
1.269003 198 215
1.270003 198 215
1.271003 198 215
1.272003 198 199
1.273003 197 206
1.274004 197 207
1.275004 197 201
1.276004 197 221
1.277004 197 221
1.278004 196 208
1.279004 196 224
1.280004 196 215
1.281004 196 220
1.282004 195 193
1.283004 195 199
1.284004 195 208
1.285004 195 206
1.286004 194 218
1.287004 194 220
1.288004 194 225
1.289004 194 218
1.290004 193 212
1.291004 193 220
1.292004 193 200
1.293004 192 211
1.294004 192 211
1.295004 192 194
1.296005 191 215
1.297005 191 216
1.298005 190 201
1.299005 190 201
1.300005 190 203
1.301005 189 205
1.302005 189 197
1.303005 189 202
1.304005 188 206
1.305005 188 214
1.306005 187 215
1.307005 187 203
1.308005 186 190
1.309005 186 177
1.310005 185 202
1.311005 185 196
1.312005 185 198
1.313005 184 198
1.314005 184 185
1.315005 183 173
1.316005 183 196
1.317006 182 198
1.318006 182 202
1.319006 181 198
1.320006 180 162
1.321006 180 185
1.322006 179 191
1.323006 179 184
1.324006 178 169
1.325006 178 174
1.326006 177 179
1.327006 177 179
1.328006 176 179
1.329006 175 160
1.330006 175 198
1.331006 174 181
1.332006 174 176
1.333006 173 184
1.334006 172 193
1.335006 172 189
1.336006 171 180
1.337006 170 179
1.338006 170 186
1.339007 169 181
1.340007 168 181
1.341007 168 177
1.342007 167 174
1.343007 166 166
1.344007 166 170
1.345007 165 158
1.346007 164 166
1.347007 163 174
1.348007 163 146
1.349007 162 169
1.350007 161 171
1.351007 161 164
1.352007 160 158
1.353007 159 164
1.354007 158 156
1.355007 158 150
1.356007 157 169
1.357007 156 178
1.358007 155 156
1.359007 154 171
1.360008 154 165
1.361008 153 153
1.362008 152 174
1.363008 151 169
1.364008 150 143
1.365008 150 157
1.366008 149 161
1.367008 148 154
1.368008 147 156
1.369008 146 164
1.370008 145 146
1.371008 144 154
1.372008 144 165
1.373008 143 149
1.374008 142 164
1.375008 141 157
1.376008 140 151
1.377008 139 146
1.378008 138 148
1.379008 137 147
1.380008 136 147
1.381009 135 148
1.382009 135 154
1.383009 134 152
1.384009 133 138
1.385009 132 125
1.386009 131 143
1.387009 130 126
1.388009 129 136
1.389009 128 133
1.390009 127 133
1.391009 126 141
1.392009 125 133
1.393009 124 133
1.394009 123 136
1.395009 122 141
1.396009 121 115
1.397009 120 131
1.398009 119 125
1.399009 118 138
1.400009 117 127
1.401009 116 126
1.402009 115 137
1.403010 114 124
1.404010 113 128
1.405010 112 110
1.406010 111 118
1.407010 110 102
1.408010 109 127
1.409010 108 110
1.410010 107 121
1.411010 106 115
1.412010 105 107
1.413010 103 117
1.414010 102 99
1.415010 101 116
1.416010 100 97
1.417010 99 110
1.418010 98 100
1.419010 97 106
1.420010 96 107
1.421010 95 105
1.422010 94 98
1.423010 93 95
1.424011 91 94
1.425011 90 76
1.426011 89 102
1.427011 88 102
1.428011 87 91
1.429011 86 94
1.430011 85 80
1.431011 84 92
1.432011 82 91
1.433011 81 86
1.434011 80 87
1.435011 79 90
1.436011 78 75
1.437011 77 85
1.438011 75 83
1.439011 74 79
1.440011 73 81
1.441011 72 76
1.442011 71 67
1.443011 70 73
1.444011 68 73
1.445011 67 54
1.446012 66 68
1.447012 65 69
1.448012 64 73
1.449012 62 65
1.450012 61 72
1.451012 60 61
1.452012 59 51
1.453012 58 60
1.454012 56 60
1.455012 55 53
1.456012 54 52
1.457012 53 47
1.458012 52 51
1.459012 50 42
1.460012 49 46
1.461012 48 40
1.462012 47 38
1.463012 46 44
1.464012 44 36
1.465012 43 40
1.466012 42 40
1.467013 41 31
1.468013 39 33
1.469013 38 40
1.470013 37 36
1.471013 36 39
1.472013 34 42
1.473013 33 39
1.474013 32 32
1.475013 31 35
1.476013 30 30
1.477013 28 36
1.478013 27 40
1.479013 26 33
1.480013 25 29
1.481013 23 33
1.482013 22 30
1.483013 21 31
1.484013 20 38
1.485013 18 30
1.486013 17 43
1.487013 16 23
1.488014 15 27
1.489014 13 30
1.490014 12 25
1.491014 11 22
1.492014 10 21
1.493014 8 20
1.494014 7 15
1.495014 6 17
1.496014 5 13
1.497014 3 10
1.498014 2 10
1.499014 1 7
1.500014 0 0
1.501014 -1 0
1.502014 -2 0
1.503014 -3 0
1.504014 -5 -2
1.505014 -6 -28
1.506014 -7 -31
1.507014 -8 -37
1.508014 -10 -47
1.509014 -11 -40
1.510015 -12 -45
1.511015 -13 -43
1.512015 -15 -60
1.513015 -16 -50
1.514015 -17 -48
1.515015 -18 -61
1.516015 -20 -69
1.517015 -21 -68
1.518015 -22 -59
1.519015 -23 -75
1.520015 -25 -72
1.521015 -26 -60
1.522015 -27 -73
1.523015 -28 -80
1.524015 -30 -82
1.525015 -31 -75
1.526015 -32 -77
1.527015 -33 -70
1.528015 -35 -87
1.529015 -36 -88
1.530015 -37 -84
1.531016 -38 -77
1.532016 -39 -69
1.533016 -41 -78
1.534016 -42 -74
1.535016 -43 -77
1.536016 -44 -87
1.537016 -46 -78
1.538016 -47 -84
1.539016 -48 -84
1.540016 -49 -80
1.541016 -50 -75
1.542016 -52 -76
1.543016 -53 -81
1.544016 -54 -79
1.545016 -55 -78
1.546016 -57 -69
1.547016 -58 -77
1.548016 -59 -81
1.549016 -60 -69
1.550016 -61 -78
1.551016 -63 -76
1.552016 -64 -68
1.553017 -65 -71
1.554017 -66 -77
1.555017 -67 -57
1.556017 -68 -75
1.557017 -70 -81
1.558017 -71 -66
1.559017 -72 -69
1.560017 -73 -60
1.561017 -74 -63
1.562017 -75 -68
1.563017 -77 -65
1.564017 -78 -66
1.565017 -79 -63
1.566017 -80 -53
1.567017 -81 -69
1.568017 -82 -72
1.569017 -84 -56
1.570017 -85 -81
1.571017 -86 -66
1.572017 -87 -77
1.573017 -88 -79
1.574018 -89 -78
1.575018 -90 -81
1.576018 -91 -66
1.577018 -93 -73
1.578018 -94 -88
1.579018 -95 -75
1.580018 -96 -84
1.581018 -97 -87
1.582018 -98 -88
1.583018 -99 -101
1.584018 -100 -92
1.585018 -101 -95
1.586018 -102 -96
1.587018 -103 -112
1.588018 -105 -105
1.589018 -106 -98
1.590018 -107 -113
1.591018 -108 -91
1.592018 -109 -103
1.593018 -110 -110
1.594018 -111 -121
1.595019 -112 -119
1.596019 -113 -129
1.597019 -114 -128
1.598019 -115 -118
1.599019 -116 -118
1.600019 -117 -122
1.601019 -118 -122
1.602019 -119 -130
1.603019 -120 -119
1.604019 -121 -139
1.605019 -122 -121
1.606019 -123 -137
1.607019 -124 -131
1.608019 -125 -135
1.609019 -126 -127
1.610019 -127 -140
1.611019 -128 -134
1.612019 -129 -133
1.613019 -130 -126
1.614019 -131 -109
1.615019 -132 -141
1.616019 -133 -120
1.617020 -134 -141
1.618020 -135 -133
1.619020 -136 -130
1.620020 -136 -146
1.621020 -137 -134
1.622020 -138 -138
1.623020 -139 -126
1.624020 -140 -132
1.625020 -141 -136
1.626020 -142 -140
1.627020 -143 -146
1.628020 -144 -133
1.629020 -144 -129
1.630020 -145 -129
1.631020 -146 -142
1.632020 -147 -141
1.633020 -148 -136
1.634020 -149 -147
1.635020 -150 -127
1.636020 -150 -152
1.637020 -151 -146
1.638021 -152 -144
1.639021 -153 -154
1.640021 -154 -117
1.641021 -154 -149
1.642021 -155 -155
1.643021 -156 -126
1.644021 -157 -151
1.645021 -158 -146
1.646021 -158 -148
1.647021 -159 -160
1.648021 -160 -139
1.649021 -161 -157
1.650021 -161 -159
1.651021 -162 -141
1.652021 -163 -154
1.653021 -164 -156
1.654021 -164 -145
1.655021 -165 -160
1.656021 -166 -151
1.657021 -166 -142
1.658021 -167 -164
1.659021 -168 -158
1.660022 -168 -144
1.661022 -169 -169
1.662022 -170 -162
1.663022 -170 -165
1.664022 -171 -168
1.665022 -172 -173
1.666022 -172 -150
1.667022 -173 -148
1.668022 -174 -166
1.669022 -174 -173
1.670022 -175 -157
1.671022 -175 -173
1.672022 -176 -183
1.673022 -177 -172
1.674022 -177 -172
1.675022 -178 -176
1.676022 -178 -183
1.677022 -179 -190
1.678022 -179 -179
1.679022 -180 -179
1.680022 -180 -179
1.681023 -181 -183
1.682023 -182 -178
1.683023 -182 -187
1.684023 -183 -191
1.685023 -183 -179
1.686023 -184 -167
1.687023 -184 -176
1.688023 -185 -193
1.689023 -185 -192
1.690023 -185 -172
1.691023 -186 -175
1.692023 -186 -196
1.693023 -187 -194
1.694023 -187 -189
1.695023 -188 -187
1.696023 -188 -179
1.697023 -189 -188
1.698023 -189 -190
1.699023 -189 -185
1.700023 -190 -185
1.701023 -190 -172
1.702024 -190 -195
1.703024 -191 -198
1.704024 -191 -203
1.705024 -192 -204
1.706024 -192 -188
1.707024 -192 -198
1.708024 -193 -203
1.709024 -193 -185
1.710024 -193 -214
1.711024 -194 -209
1.712024 -194 -224
1.713024 -194 -217
1.714024 -194 -205
1.715024 -195 -204
1.716024 -195 -200
1.717024 -195 -192
1.718024 -195 -220
1.719024 -196 -203
1.720024 -196 -210
1.721024 -196 -222
1.722024 -196 -217
1.723024 -197 -220
1.724025 -197 -197
1.725025 -197 -218
1.726025 -197 -199
1.727025 -197 -206
1.728025 -198 -223
1.729025 -198 -204
1.730025 -198 -216
1.731025 -198 -221
1.732025 -198 -211
1.733025 -198 -207
1.734025 -198 -198
1.735025 -199 -199
1.736025 -199 -190
1.737025 -199 -184
1.738025 -199 -209
1.739025 -199 -201
1.740025 -199 -198
1.741025 -199 -203
1.742025 -199 -193
1.743025 -199 -190
1.744025 -199 -216
1.745026 -199 -212
1.746026 -199 -194
1.747026 -199 -205
1.748026 -199 -188
1.749026 -199 -180
1.750026 -199 -200
1.751026 -199 -212
1.752026 -199 -203
1.753026 -199 -206
1.754026 -199 -189
1.755026 -199 -196
1.756026 -199 -199
1.757026 -199 -197
1.758026 -199 -204
1.759026 -199 -209
1.760026 -199 -211
1.761026 -199 -201
1.762026 -199 -196
1.763026 -199 -180
1.764026 -199 -208
1.765026 -199 -204
1.766026 -198 -200
1.767027 -198 -197
1.768027 -198 -174
1.769027 -198 -170
1.770027 -198 -197
1.771027 -198 -201
1.772027 -198 -194
1.773027 -197 -191
1.774027 -197 -169
1.775027 -197 -173
1.776027 -197 -201
1.777027 -197 -188
1.778027 -196 -184
1.779027 -196 -184
1.780027 -196 -207
1.781027 -196 -203
1.782027 -195 -199
1.783027 -195 -200
1.784027 -195 -178
1.785027 -195 -172
1.786027 -194 -206
1.787027 -194 -199
1.788028 -194 -203
1.789028 -194 -203
1.790028 -193 -173
1.791028 -193 -170
1.792028 -193 -216
1.793028 -192 -197
1.794028 -192 -199
1.795028 -192 -197
1.796028 -191 -188
1.797028 -191 -181
1.798028 -190 -210
1.799028 -190 -205
1.800028 -190 -204
1.801028 -189 -213
1.802028 -189 -211
1.803028 -189 -211
1.804028 -188 -195
1.805028 -188 -201
1.806028 -187 -204
1.807028 -187 -202
1.808028 -186 -220
1.809029 -186 -218
1.810029 -185 -203
1.811029 -185 -203
1.812029 -185 -186
1.813029 -184 -194
1.814029 -184 -214
1.815029 -183 -206
1.816029 -183 -212
1.817029 -182 -195
1.818029 -182 -187
1.819029 -181 -182
1.820029 -180 -199
1.821029 -180 -200
1.822029 -179 -187
1.823029 -179 -193
1.824029 -178 -170
1.825029 -178 -173
1.826029 -177 -183
1.827029 -177 -191
1.828029 -176 -179
1.829029 -175 -166
1.830029 -175 -187
1.831030 -174 -188
1.832030 -174 -185
1.833030 -173 -163
1.834030 -172 -183
1.835030 -172 -189
1.836030 -171 -184
1.837030 -170 -151
1.838030 -170 -175
1.839030 -169 -160
1.840030 -168 -147
1.841030 -168 -156
1.842030 -167 -162
1.843030 -166 -148
1.844030 -166 -166
1.845030 -165 -156
1.846030 -164 -142
1.847030 -163 -161
1.848030 -163 -152
1.849030 -162 -129
1.850030 -161 -154
1.851030 -161 -159
1.852031 -160 -162
1.853031 -159 -151
1.854031 -158 -137
1.855031 -158 -147
1.856031 -157 -150
1.857031 -156 -132
1.858031 -155 -147
1.859031 -154 -151
1.860031 -154 -156
1.861031 -153 -153
1.862031 -152 -136
1.863031 -151 -152
1.864031 -150 -139
1.865031 -149 -130
1.866031 -149 -153
1.867031 -148 -153
1.868031 -147 -146
1.869031 -146 -146
1.870031 -145 -122
1.871031 -144 -151
1.872031 -144 -154
1.873031 -143 -134
1.874032 -142 -155
1.875032 -141 -148
1.876032 -140 -141
1.877032 -139 -148
1.878032 -138 -131
1.879032 -137 -149
1.880032 -136 -149
1.881032 -135 -123
1.882032 -135 -143
1.883032 -134 -132
1.884032 -133 -131
1.885032 -132 -138
1.886032 -131 -137
1.887032 -130 -133
1.888032 -129 -133
1.889032 -128 -126
1.890032 -127 -126
1.891032 -126 -128
1.892032 -125 -117
1.893032 -124 -134
1.894032 -123 -103
1.895033 -122 -125
1.896033 -121 -109
1.897033 -120 -131
1.898033 -119 -105
1.899033 -118 -128
1.900033 -117 -121
1.901033 -116 -117
1.902033 -115 -123
1.903033 -114 -113
1.904033 -113 -115
1.905033 -112 -124
1.906033 -111 -114
1.907033 -110 -112
1.908033 -109 -106
1.909033 -108 -118
1.910033 -107 -95
1.911033 -106 -109
1.912033 -104 -92
1.913033 -103 -112
1.914033 -102 -109
1.915033 -101 -122
1.916034 -100 -103
1.917034 -99 -104
1.918034 -98 -116
1.919034 -97 -110
1.920034 -96 -109
1.921034 -95 -101
1.922034 -94 -103
1.923034 -92 -84
1.924034 -91 -99
1.925034 -90 -101
1.926034 -89 -101
1.927034 -88 -103
1.928034 -87 -79
1.929034 -86 -91
1.930034 -85 -97
1.931034 -83 -90
1.932034 -82 -82
1.933034 -81 -65
1.934034 -80 -88
1.935034 -79 -83
1.936034 -78 -72
1.937034 -77 -83
1.938035 -75 -78
1.939035 -74 -70
1.940035 -73 -83
1.941035 -72 -75
1.942035 -71 -68
1.943035 -70 -69
1.944035 -68 -67
1.945035 -67 -58
1.946035 -66 -73
1.947035 -65 -58
1.948035 -64 -63
1.949035 -62 -49
1.950035 -61 -59
1.951035 -60 -53
1.952035 -59 -67
1.953035 -58 -39
1.954035 -56 -52
1.955035 -55 -56
1.956035 -54 -64
1.957035 -53 -51
1.958035 -52 -48
1.959036 -50 -53
1.960036 -49 -49
1.961036 -48 -53
1.962036 -47 -41
1.963036 -46 -49
1.964036 -44 -52
1.965036 -43 -43
1.966036 -42 -51
1.967036 -41 -32
1.968036 -39 -37
1.969036 -38 -41
1.970036 -37 -41
1.971036 -36 -36
1.972036 -34 -33
1.973036 -33 -30
1.974036 -32 -39
1.975036 -31 -35
1.976036 -30 -35
1.977036 -28 -36
1.978036 -27 -37
1.979036 -26 -27
1.980036 -25 -29
1.981037 -23 -27
1.982037 -22 -32
1.983037 -21 -30
1.984037 -20 -26
1.985037 -18 -30
1.986037 -17 -29
1.987037 -16 -27
1.988037 -15 -25
1.989037 -13 -31
1.990037 -12 -27
1.991037 -11 -26
1.992037 -10 -32
1.993037 -8 -33
1.994037 -7 -22
1.995037 -6 -26
1.996037 -4 -21
1.997037 -3 -23
1.998037 -2 -12
1.999037 -1 -12
2.000037 0 -12
2.001037 1 -13
2.002037 2 -8
2.003037 3 -8
2.004037 5 -7
2.005037 6 -5
2.006037 7 0
2.007037 8 0
2.008037 10 0
2.009037 11 2
2.010037 12 23
2.011037 13 40
2.012037 15 43
2.013036 16 50
2.014036 17 51
2.015036 18 44
2.016036 20 51
2.017036 21 52
2.018036 22 71
2.019036 23 59
2.020036 25 66
2.021036 26 72
2.022036 27 73
2.023036 28 75
2.024036 30 69
2.025036 31 69
2.026036 32 86
2.027035 33 82
2.028035 35 86
2.029035 36 77
2.030035 37 78
2.031035 38 82
2.032035 39 70
2.033035 41 77
2.034035 42 72
2.035035 43 70
2.036035 44 80
2.037035 46 74
2.038035 47 67
2.039035 48 76
2.040035 49 68
2.041034 50 68
2.042034 52 76
2.043034 53 71
2.044034 54 78
2.045034 55 81
2.046034 57 75
2.047034 58 56
2.048034 59 53
2.049034 60 80
2.050034 61 75
2.051034 63 65
2.052034 64 61
2.053034 65 69
2.054034 66 67
2.055033 67 60
2.056033 68 63
2.057033 70 61
2.058033 71 50
2.059033 72 52
2.060033 73 67
2.061033 74 62
2.062033 75 52
2.063033 77 58
2.064033 78 63
2.065033 79 61
2.066033 80 67
2.067033 81 48
2.068033 82 56
2.069032 84 59
2.070032 85 62
2.071032 86 54
2.072032 87 68
2.073032 88 65
2.074032 89 72
2.075032 90 76
2.076032 91 78
2.077032 93 79
2.078032 94 61
2.079032 95 83
2.080032 96 78
2.081032 97 65
2.082031 98 86
2.083031 99 83
2.084031 100 74
2.085031 101 90
2.086031 102 97
2.087031 103 94
2.088031 105 103
2.089031 106 101
2.090031 107 101
2.091031 108 107
2.092031 109 103
2.093031 110 113
2.094031 111 104
2.095031 112 117
2.096030 113 99
2.097030 114 123
2.098030 115 95
2.099030 116 115
2.100030 117 102
2.101030 118 114
2.102030 119 100
2.103030 120 122
2.104030 121 109
2.105030 122 127
2.106030 123 111
2.107030 124 124
2.108030 125 101
2.109030 126 132
2.110029 127 104
2.111029 128 126
2.112029 129 111
2.113029 130 129
2.114029 131 115
2.115029 132 141
2.116029 133 136
2.117029 134 134
2.118029 135 129
2.119029 136 123
2.120029 136 126
2.121029 137 113
2.122029 138 136
2.123029 139 133
2.124028 140 148
2.125028 141 144
2.126028 142 136
2.127028 143 143
2.128028 144 138
2.129028 144 143
2.130028 145 122
2.131028 146 143
2.132028 147 148
2.133028 148 136
2.134028 149 155
2.135028 150 153
2.136028 150 146
2.137028 151 147
2.138027 152 143
2.139027 153 157
2.140027 154 158
2.141027 154 136
2.142027 155 161
2.143027 156 160
2.144027 157 132
2.145027 158 161
2.146027 158 157
2.147027 159 146
2.148027 160 164
2.149027 161 173
2.150027 161 143
2.151026 162 167
2.152026 163 164
2.153026 164 152
2.154026 164 169
2.155026 165 150
2.156026 166 150
2.157026 166 157
2.158026 167 160
2.159026 168 170
2.160026 168 168
2.161026 169 163
2.162026 170 157
2.163026 170 155
2.164026 171 167
2.165025 172 168
2.166025 172 166
2.167025 173 173
2.168025 174 167
2.169025 174 146
2.170025 175 156
2.171025 175 171
2.172025 176 151
2.173025 177 170
2.174025 177 159
2.175025 178 150
2.176025 178 168
2.177025 179 166
2.178025 179 151
2.179024 180 173
2.180024 180 169
2.181024 181 171
2.182024 182 162
2.183024 182 167
2.184024 183 173
2.185024 183 160
2.186024 184 178
2.187024 184 179
2.188024 185 170
2.189024 185 162
2.190024 185 178
2.191024 186 186
2.192024 186 156
2.193023 187 158
2.194023 187 181
2.195023 188 177
2.196023 188 174
2.197023 189 161
2.198023 189 178
2.199023 189 183
2.200023 190 177
2.201023 190 178
2.202023 190 178
2.203023 191 185
2.204023 191 171
2.205023 192 160
2.206023 192 184
2.207022 192 189
2.208022 193 175
2.209022 193 170
2.210022 193 199
2.211022 194 189
2.212022 194 190
2.213022 194 203
2.214022 194 194
2.215022 195 164
2.216022 195 179
2.217022 195 201
2.218022 195 212
2.219022 196 196
2.220021 196 210
2.221021 196 184
2.222021 196 171
2.223021 197 212
2.224021 197 205
2.225021 197 216
2.226021 197 210
2.227021 197 184
2.228021 198 196
2.229021 198 192
2.230021 198 201
2.231021 198 217
2.232021 198 207
2.233021 198 211
2.234020 198 217
2.235020 199 211
2.236020 199 210
2.237020 199 189
2.238020 199 187
2.239020 199 206
2.240020 199 214
2.241020 199 217
2.242020 199 210
2.243020 199 213
2.244020 199 221
2.245020 199 196
2.246020 199 201
2.247020 199 204
2.248019 199 205
2.249019 199 220
2.250019 199 223
2.251019 199 223
2.252019 199 214
2.253019 199 220
2.254019 199 211
2.255019 199 202
2.256019 199 201
2.257019 199 213
2.258019 199 200
2.259019 199 225
2.260019 199 215
2.261019 199 221
2.262018 199 227
2.263018 199 233
2.264018 199 226
2.265018 199 217
2.266018 198 229
2.267018 198 213
2.268018 198 223
2.269018 198 204
2.270018 198 201
2.271018 198 224
2.272018 198 202
2.273018 197 229
2.274018 197 233
2.275017 197 215
2.276017 197 223
2.277017 197 224
2.278017 196 217
2.279017 196 200
2.280017 196 219
2.281017 196 193
2.282017 195 190
2.283017 195 211
2.284017 195 205
2.285017 195 215
2.286017 194 224
2.287017 194 216
2.288017 194 213
2.289016 194 192
2.290016 193 187
2.291016 193 210
2.292016 193 207
2.293016 192 214
2.294016 192 206
2.295016 192 204
2.296016 191 204
2.297016 191 196
2.298016 190 187
2.299016 190 204
2.300016 190 194
2.301016 189 207
2.302016 189 205
2.303015 189 192
2.304015 188 190
2.305015 188 194
2.306015 187 202
2.307015 187 195
2.308015 186 200
2.309015 186 194
2.310015 185 193
2.311015 185 188
2.312015 185 191
2.313015 184 203
2.314015 184 182
2.315015 183 178
2.316015 183 172
2.317014 182 183
2.318014 182 203
2.319014 181 190
2.320014 180 189
2.321014 180 188
2.322014 179 192
2.323014 179 192
2.324014 178 198
2.325014 178 170
2.326014 177 163
2.327014 177 182
2.328014 176 188
2.329014 175 166
2.330014 175 172
2.331013 174 190
2.332013 174 186
2.333013 173 174
2.334013 172 147
2.335013 172 178
2.336013 171 175
2.337013 170 149
2.338013 170 149
2.339013 169 169
2.340013 168 175
2.341013 168 157
2.342013 167 169
2.343013 166 173
2.344012 166 153
2.345012 165 162
2.346012 164 163
2.347012 163 146
2.348012 163 163
2.349012 162 163
2.350012 161 166
2.351012 161 154
2.352012 160 158
2.353012 159 146
2.354012 158 150
2.355012 158 155
2.356012 157 145
2.357012 156 165
2.358011 155 156
2.359011 154 146
2.360011 154 158
2.361011 153 153
2.362011 152 137
2.363011 151 149
2.364011 150 139
2.365011 150 153
2.366011 149 143
2.367011 148 139
2.368011 147 148
2.369011 146 122
2.370011 145 147
2.371011 144 146
2.372010 144 127
2.373010 143 134
2.374010 142 123
2.375010 141 138
2.376010 140 139
2.377010 139 138
2.378010 138 149
2.379010 137 136
2.380010 136 144
2.381010 135 124
2.382010 135 138
2.383010 134 141
2.384010 133 122
2.385010 132 138
2.386009 131 118
2.387009 130 145
2.388009 129 148
2.389009 128 132
2.390009 127 131
2.391009 126 123
2.392009 125 132
2.393009 124 134
2.394009 123 122
2.395009 122 116
2.396009 121 131
2.397009 120 109
2.398009 119 128
2.399009 118 115
2.400008 117 123
2.401008 116 127
2.402008 115 140
2.403008 114 129
2.404008 113 124
2.405008 112 129
2.406008 111 110
2.407008 110 128
2.408008 109 115
2.409008 108 124
2.410008 107 111
2.411008 106 123
2.412008 105 107
2.413007 103 138
2.414007 102 112
2.415007 101 130
2.416007 100 101
2.417007 99 108
2.418007 98 98
2.419007 97 116
2.420007 96 100
2.421007 95 117
2.422007 94 109
2.423007 93 115
2.424007 91 123
2.425007 90 113
2.426007 89 108
2.427006 88 104
2.428006 87 108
2.429006 86 84
2.430006 85 102
2.431006 84 106
2.432006 82 102
2.433006 81 107
2.434006 80 103
2.435006 79 94
2.436006 78 83
2.437006 77 84
2.438006 75 88
2.439006 74 77
2.440006 73 78
2.441005 72 77
2.442005 71 58
2.443005 70 72
2.444005 68 68
2.445005 67 70
2.446005 66 73
2.447005 65 68
2.448005 64 78
2.449005 62 49
2.450005 61 77
2.451005 60 62
2.452005 59 56
2.453005 58 48
2.454005 56 56
2.455004 55 62
2.456004 54 60
2.457004 53 48
2.458004 52 54
2.459004 50 62
2.460004 49 57
2.461004 48 40
2.462004 47 51
2.463004 46 56
2.464004 44 50
2.465004 43 50
2.466004 42 40
2.467004 41 48
2.468004 39 41
2.469003 38 43
2.470003 37 36
2.471003 36 37
2.472003 35 27
2.473003 33 35
2.474003 32 36
2.475003 31 30
2.476003 30 31
2.477003 28 29
2.478003 27 31
2.479003 26 23
2.480003 25 21
2.481003 23 21
2.482002 22 23
2.483002 21 24
2.484002 20 21
2.485002 18 19
2.486002 17 20
2.487002 16 17
2.488002 15 19
2.489002 13 18
2.490002 12 15
2.491002 11 17
2.492002 10 12
2.493002 8 12
2.494002 7 7
2.495002 6 7
2.496001 5 7
2.497001 3 6
2.498001 2 6
2.499001 1 7
2.500001 0 7
2.501001 -1 6
2.502001 -2 4
2.503001 -3 3
2.504001 -5 0
2.505001 -6 -2
2.506001 -7 -23
2.507001 -8 -29
2.508001 -10 -40
2.509001 -11 -35
2.510000 -12 -32
2.511000 -13 -40
2.512000 -15 -35
2.513000 -16 -33
2.514000 -17 -38
2.515000 -18 -37
2.516000 -20 -46
2.517000 -21 -47
2.518000 -22 -34
2.519000 -23 -47
2.520000 -25 -64
2.521000 -26 -46
2.522000 -27 -58
2.523000 -28 -41
2.523999 -30 -55
2.524999 -31 -53
2.525999 -32 -58
2.526999 -33 -58
2.527999 -35 -59
2.528999 -36 -59
2.529999 -37 -58
2.530999 -38 -71
2.531999 -39 -62
2.532999 -41 -62
2.533999 -42 -58
2.534999 -43 -57
2.535999 -44 -58
2.536999 -46 -62
2.537998 -47 -65
2.538998 -48 -60
2.539998 -49 -64
2.540998 -50 -60
2.541998 -52 -66
2.542998 -53 -56
2.543998 -54 -67
2.544998 -55 -67
2.545998 -57 -64
2.546998 -58 -47
2.547998 -59 -65
2.548998 -60 -65
2.549998 -61 -60
2.550997 -62 -55
2.551997 -64 -70
2.552997 -65 -64
2.553997 -66 -67
2.554997 -67 -56
2.555997 -68 -62
2.556997 -70 -71
2.557997 -71 -57
2.558997 -72 -70
2.559997 -73 -60
2.560997 -74 -69
2.561997 -75 -60
2.562997 -77 -63
2.563997 -78 -75
2.564996 -79 -61
2.565996 -80 -71
2.566996 -81 -79
2.567996 -82 -76
2.568996 -84 -55
2.569996 -85 -72
2.570996 -86 -73
2.571996 -87 -61
2.572996 -88 -81
2.573996 -89 -79
2.574996 -90 -74
2.575996 -91 -87
2.576996 -93 -93
2.577996 -94 -83
2.578995 -95 -102
2.579995 -96 -97
2.580995 -97 -107
2.581995 -98 -97
2.582995 -99 -93
2.583995 -100 -114
2.584995 -101 -87
2.585995 -102 -103
2.586995 -103 -99
2.587995 -105 -101
2.588995 -106 -106
2.589995 -107 -111
2.590995 -108 -105
2.591995 -109 -102
2.592994 -110 -103
2.593994 -111 -79
2.594994 -112 -109
2.595994 -113 -101
2.596994 -114 -110
2.597994 -115 -117
2.598994 -116 -109
2.599994 -117 -112
2.600994 -118 -99
2.601994 -119 -117
2.602994 -120 -103
2.603994 -121 -125
2.604994 -122 -106
2.605994 -123 -124
2.606993 -124 -107
2.607993 -125 -138
2.608993 -126 -121
2.609993 -127 -136
2.610993 -128 -120
2.611993 -129 -133
2.612993 -130 -131
2.613993 -131 -120
2.614993 -132 -146
2.615993 -133 -136
2.616993 -134 -146
2.617993 -135 -143
2.618993 -135 -156
2.619992 -136 -146
2.620992 -137 -138
2.621992 -138 -155
2.622992 -139 -150
2.623992 -140 -138
2.624992 -141 -148
2.625992 -142 -149
2.626992 -143 -154
2.627992 -144 -147
2.628992 -144 -138
2.629992 -145 -158
2.630992 -146 -158
2.631992 -147 -147
2.632992 -148 -166
2.633991 -149 -161
2.634991 -150 -142
2.635991 -150 -143
2.636991 -151 -156
2.637991 -152 -133
2.638991 -153 -157
2.639991 -154 -156
2.640991 -154 -151
2.641991 -155 -167
2.642991 -156 -159
2.643991 -157 -146
2.644991 -158 -163
2.645991 -158 -164
2.646991 -159 -145
2.647990 -160 -171
2.648990 -161 -169
2.649990 -161 -142
2.650990 -162 -165
2.651990 -163 -157
2.652990 -163 -143
2.653990 -164 -154
2.654990 -165 -152
2.655990 -166 -148
2.656990 -166 -161
2.657990 -167 -162
2.658990 -168 -161
2.659990 -168 -168
2.660990 -169 -166
2.661989 -170 -163
2.662989 -170 -168
2.663989 -171 -164
2.664989 -172 -170
2.665989 -172 -154
2.666989 -173 -185
2.667989 -174 -177
2.668989 -174 -157
2.669989 -175 -160
2.670989 -175 -191
2.671989 -176 -180
2.672989 -177 -173
2.673989 -177 -170
2.674989 -178 -204
2.675988 -178 -184
2.676988 -179 -199
2.677988 -179 -181
2.678988 -180 -186
2.679988 -180 -191
2.680988 -181 -190
2.681988 -182 -186
2.682988 -182 -182
2.683988 -183 -173
2.684988 -183 -197
2.685988 -184 -193
2.686988 -184 -193
2.687988 -185 -200
2.688987 -185 -186
2.689987 -185 -194
2.690987 -186 -198
2.691987 -186 -195
2.692987 -187 -179
2.693987 -187 -180
2.694987 -188 -187
2.695987 -188 -191
2.696987 -189 -186
2.697987 -189 -189
2.698987 -189 -187
2.699987 -190 -189
2.700987 -190 -193
2.701987 -190 -186
2.702986 -191 -171
2.703986 -191 -185
2.704986 -192 -186
2.705986 -192 -194
2.706986 -192 -181
2.707986 -193 -171
2.708986 -193 -197
2.709986 -193 -201
2.710986 -194 -195
2.711986 -194 -196
2.712986 -194 -173
2.713986 -194 -184
2.714986 -195 -195
2.715986 -195 -201
2.716985 -195 -193
2.717985 -195 -193
2.718985 -196 -188
2.719985 -196 -182
2.720985 -196 -217
2.721985 -196 -217
2.722985 -197 -206
2.723985 -197 -214
2.724985 -197 -199
2.725985 -197 -191
2.726985 -197 -207
2.727985 -198 -206
2.728985 -198 -218
2.729985 -198 -217
2.730984 -198 -224
2.731984 -198 -200
2.732984 -198 -205
2.733984 -198 -219
2.734984 -199 -193
2.735984 -199 -209
2.736984 -199 -224
2.737984 -199 -195
2.738984 -199 -217
2.739984 -199 -214
2.740984 -199 -218
2.741984 -199 -212
2.742984 -199 -194
2.743984 -199 -194
2.744983 -199 -206
2.745983 -199 -194
2.746983 -199 -216
2.747983 -199 -214
2.748983 -199 -212
2.749983 -199 -217
2.750983 -199 -197
2.751983 -199 -206
2.752983 -199 -193
2.753983 -199 -193
2.754983 -199 -214
2.755983 -199 -210
2.756983 -199 -211
2.757982 -199 -211
2.758982 -199 -198
2.759982 -199 -208
2.760982 -199 -202
2.761982 -199 -201
2.762982 -199 -209
2.763982 -199 -226
2.764982 -199 -210
2.765982 -198 -211
2.766982 -198 -194
2.767982 -198 -192
2.768982 -198 -202
2.769982 -198 -190
2.770982 -198 -206
2.771981 -198 -206
2.772981 -197 -214
2.773981 -197 -204
2.774981 -197 -201
2.775981 -197 -191
2.776981 -197 -212
2.777981 -196 -203
2.778981 -196 -207
2.779981 -196 -212
2.780981 -196 -200
2.781981 -195 -194
2.782981 -195 -188
2.783981 -195 -186
2.784981 -195 -202
2.785980 -194 -206
2.786980 -194 -216
2.787980 -194 -205
2.788980 -194 -192
2.789980 -193 -177
2.790980 -193 -202
2.791980 -193 -203
2.792980 -192 -203
2.793980 -192 -199
2.794980 -192 -193
2.795980 -191 -190
2.796980 -191 -202
2.797980 -190 -201
2.798980 -190 -212
2.799979 -190 -199
2.800979 -189 -185
2.801979 -189 -184
2.802979 -189 -195
2.803979 -188 -192
2.804979 -188 -189
2.805979 -187 -196
2.806979 -187 -179
2.807979 -186 -178
2.808979 -186 -199
2.809979 -185 -181
2.810979 -185 -173
2.811979 -185 -179
2.812979 -184 -196
2.813978 -184 -187
2.814978 -183 -187
2.815978 -183 -175
2.816978 -182 -173
2.817978 -182 -198
2.818978 -181 -179
2.819978 -180 -186
2.820978 -180 -167
2.821978 -179 -170
2.822978 -179 -184
2.823978 -178 -178
2.824978 -178 -167
2.825978 -177 -180
2.826977 -177 -179
2.827977 -176 -176
2.828977 -175 -166
2.829977 -175 -182
2.830977 -174 -175
2.831977 -174 -170
2.832977 -173 -176
2.833977 -172 -183
2.834977 -172 -192
2.835977 -171 -175
2.836977 -170 -166
2.837977 -170 -174
2.838977 -169 -177
2.839977 -168 -159
2.840976 -168 -172
2.841976 -167 -164
2.842976 -166 -144
2.843976 -166 -150
2.844976 -165 -162
2.845976 -164 -161
2.846976 -164 -168
2.847976 -163 -157
2.848976 -162 -140
2.849976 -161 -154
2.850976 -161 -156
2.851976 -160 -153
2.852976 -159 -165
2.853976 -158 -159
2.854975 -158 -135
2.855975 -157 -153
2.856975 -156 -138
2.857975 -155 -146
2.858975 -154 -142
2.859975 -154 -138
2.860975 -153 -142
2.861975 -152 -147
2.862975 -151 -145
2.863975 -150 -141
2.864975 -150 -124
2.865975 -149 -149
2.866975 -148 -132
2.867975 -147 -126
2.868974 -146 -153
2.869974 -145 -134
2.870974 -144 -155
2.871974 -144 -149
2.872974 -143 -143
2.873974 -142 -155
2.874974 -141 -141
2.875974 -140 -139
2.876974 -139 -149
2.877974 -138 -147
2.878974 -137 -143
2.879974 -136 -153
2.880974 -136 -151
2.881974 -135 -142
2.882973 -134 -129
2.883973 -133 -147
2.884973 -132 -123
2.885973 -131 -141
2.886973 -130 -134
2.887973 -129 -126
2.888973 -128 -138
2.889973 -127 -126
2.890973 -126 -148
2.891973 -125 -137
2.892973 -124 -132
2.893973 -123 -132
2.894973 -122 -129
2.895972 -121 -135
2.896972 -120 -122
2.897972 -119 -120
2.898972 -118 -119
2.899972 -117 -123
2.900972 -116 -122
2.901972 -115 -121
2.902972 -114 -117
2.903972 -113 -119
2.904972 -112 -112
2.905972 -111 -117
2.906972 -110 -119
2.907972 -109 -116
2.908972 -108 -109
2.909971 -107 -116
2.910971 -106 -113
2.911971 -105 -122
2.912971 -103 -113
2.913971 -102 -104
2.914971 -101 -101
2.915971 -100 -99
2.916971 -99 -113
2.917971 -98 -91
2.918971 -97 -105
2.919971 -96 -100
2.920971 -95 -100
2.921971 -94 -106
2.922971 -93 -105
2.923970 -91 -110
2.924970 -90 -90
2.925970 -89 -113
2.926970 -88 -92
2.927970 -87 -103
2.928970 -86 -101
2.929970 -85 -101
2.930970 -84 -93
2.931970 -82 -75
2.932970 -81 -89
2.933970 -80 -95
2.934970 -79 -84
2.935970 -78 -84
2.936970 -77 -84
2.937969 -75 -79
2.938969 -74 -87
2.939969 -73 -79
2.940969 -72 -82
2.941969 -71 -80
2.942969 -70 -85
2.943969 -68 -68
2.944969 -67 -71
2.945969 -66 -86
2.946969 -65 -63
2.947969 -64 -84
2.948969 -63 -80
2.949969 -61 -65
2.950969 -60 -72
2.951968 -59 -73
2.952968 -58 -62
2.953968 -57 -69
2.954968 -55 -68
2.955968 -54 -67
2.956968 -53 -46
2.957968 -52 -66
2.958968 -50 -66
2.959968 -49 -59
2.960968 -48 -47
2.961968 -47 -58
2.962968 -46 -48
2.963968 -44 -53
2.964967 -43 -44
2.965967 -42 -46
2.966967 -41 -51
2.967967 -39 -48
2.968967 -38 -54
2.969967 -37 -36
2.970967 -36 -31
2.971967 -35 -29
2.972967 -33 -28
2.973967 -32 -29
2.974967 -31 -34
2.975967 -30 -28
2.976967 -28 -34
2.977967 -27 -34
2.978966 -26 -23
2.979966 -25 -26
2.980966 -23 -26
2.981966 -22 -31
2.982966 -21 -23
2.983966 -20 -21
2.984966 -18 -21
2.985966 -17 -22
2.986966 -16 -18
2.987966 -15 -19
2.988966 -13 -21
2.989966 -12 -13
2.990966 -11 -13
2.991966 -10 -17
2.992965 -8 -13
2.993965 -7 -11
2.994965 -6 -11
2.995965 -5 -9
2.996965 -3 -9
2.997965 -2 -7
2.998965 -1 -7
2.999965 0 -6
3.000965 1 -4
3.001965 2 0
3.002965 3 0
3.003965 4 0
3.004965 6 0
3.005965 7 0
3.006964 8 2
3.007964 10 12
3.008964 11 18
3.009964 12 23
3.010964 13 36
3.011964 15 28
3.012964 16 37
3.013964 17 35
3.014964 18 46
3.015964 20 55
3.016964 21 36
3.017964 22 48
3.018964 23 52
3.019964 25 47
3.020963 26 45
3.021963 27 52
3.022963 28 48
3.023963 29 56
3.024963 31 74
3.025963 32 58
3.026963 33 55
3.027963 34 70
3.028963 36 60
3.029963 37 64
3.030963 38 67
3.031963 39 66
3.032963 41 62
3.033962 42 65
3.034962 43 51
3.035962 44 59
3.036962 46 55
3.037962 47 71
3.038962 48 59
3.039962 49 55
3.040962 50 56
3.041962 52 59
3.042962 53 61
3.043962 54 70
3.044962 55 58
3.045962 56 64
3.046962 58 75
3.047961 59 52
3.048961 60 71
3.049961 61 75
3.050961 62 70
3.051961 64 71
3.052961 65 77
3.053961 66 68
3.054961 67 60
3.055961 68 68
3.056961 70 69
3.057961 71 58
3.058961 72 89
3.059961 73 76
3.060961 74 75
3.061960 75 87
3.062960 77 78
3.063960 78 75
3.064960 79 87
3.065960 80 88
3.066960 81 81
3.067960 82 98
3.068960 83 94
3.069960 85 84
3.070960 86 90
3.071960 87 66
3.072960 88 86
3.073960 89 92
3.074960 90 79
3.075959 91 90
3.076959 92 87
3.077959 94 83
3.078959 95 100
3.079959 96 76
3.080959 97 98
3.081959 98 87
3.082959 99 88
3.083959 100 95
3.084959 101 93
3.085959 102 92
3.086959 103 96
3.087959 104 105
3.088959 106 109
3.089958 107 88
3.090958 108 106
3.091958 109 82
3.092958 110 107
3.093958 111 107
3.094958 112 107
3.095958 113 107
3.096958 114 116
3.097958 115 116
3.098958 116 105
3.099958 117 129
3.100958 118 107
3.101958 119 118
3.102957 120 103
3.103957 121 122
3.104957 122 112
3.105957 123 127
3.106957 124 128
3.107957 125 128
3.108957 126 125
3.109957 127 122
3.110957 128 125
3.111957 129 112
3.112957 130 143
3.113957 131 130
3.114957 132 141
3.115957 133 142
3.116956 134 146
3.117956 135 138
3.118956 135 130
3.119956 136 135
3.120956 137 138
3.121956 138 146
3.122956 139 147
3.123956 140 139
3.124956 141 151
3.125956 142 163
3.126956 143 127
3.127956 144 147
3.128956 144 160
3.129956 145 123
3.130955 146 159
3.131955 147 154
3.132955 148 160
3.133955 149 162
3.134955 149 143
3.135955 150 157
3.136955 151 155
3.137955 152 133
3.138955 153 169
3.139955 154 165
3.140955 154 146
3.141955 155 153
3.142955 156 163
3.143955 157 150
3.144954 157 163
3.145954 158 167
3.146954 159 154
3.147954 160 158
3.148954 161 166
3.149954 161 145
3.150954 162 165
3.151954 163 154
3.152954 163 149
3.153954 164 157
3.154954 165 148
3.155954 166 148
3.156954 166 161
3.157954 167 164
3.158953 168 158
3.159953 168 161
3.160953 169 157
3.161953 170 146
3.162953 170 176
3.163953 171 176
3.164953 172 155
3.165953 172 170
3.166953 173 182
3.167953 174 178
3.168953 174 163
3.169953 175 169
3.170953 175 194
3.171952 176 189
3.172952 177 176
3.173952 177 172
3.174952 178 189
3.175952 178 193
3.176952 179 184
3.177952 179 180
3.178952 180 185
3.179952 180 180
3.180952 181 192
3.181952 181 200
3.182952 182 166
3.183952 183 177
3.184952 183 180
3.185951 184 171
3.186951 184 159
3.187951 184 182
3.188951 185 188
3.189951 185 183
3.190951 186 170
3.191951 186 176
3.192951 187 182
3.193951 187 162
3.194951 188 189
3.195951 188 184
3.196951 188 173
3.197951 189 138
3.198951 189 173
3.199950 190 182
3.200950 190 147
3.201950 190 157
3.202950 191 182
3.203950 191 184
3.204950 192 159
3.205950 192 168
3.206950 192 179
3.207950 193 179
3.208950 193 173
3.209950 193 183
3.210950 194 174
3.211950 194 195
3.212950 194 171
3.213949 194 167
3.214949 195 185
3.215949 195 187
3.216949 195 186
3.217949 195 174
3.218949 196 201
3.219949 196 193
3.220949 196 200
3.221949 196 186
3.222949 197 171
3.223949 197 180
3.224949 197 191
3.225949 197 195
3.226948 197 189
3.227948 198 180
3.228948 198 195
3.229948 198 199
3.230948 198 205
3.231948 198 201
3.232948 198 203
3.233948 198 204
3.234948 199 187
3.235948 199 191
3.236948 199 210
3.237948 199 224
3.238948 199 221
3.239948 199 218
3.240947 199 224
3.241947 199 221
3.242947 199 205
3.243947 199 202
3.244947 199 210
3.245947 199 209
3.246947 199 219
3.247947 199 217
3.248947 199 229
3.249947 199 229
3.250947 199 226
3.251947 199 221
3.252947 199 200
3.253947 199 213
3.254946 199 203
3.255946 199 197
3.256946 199 225
3.257946 199 207
3.258946 199 224
3.259946 199 222
3.260946 199 223
3.261946 199 216
3.262946 199 221
3.263946 199 214
3.264946 199 199
3.265946 198 194
3.266946 198 204
3.267946 198 207
3.268945 198 216
3.269945 198 204
3.270945 198 201
3.271945 198 219
3.272945 197 183
3.273945 197 195
3.274945 197 203
3.275945 197 201
3.276945 197 208
3.277945 196 203
3.278945 196 186
3.279945 196 186
3.280945 196 202
3.281945 195 203
3.282944 195 210
3.283944 195 199
3.284944 195 183
3.285944 194 176
3.286944 194 207
3.287944 194 199
3.288944 194 198
3.289944 193 192
3.290944 193 172
3.291944 193 179
3.292944 192 188
3.293944 192 194
3.294944 192 204
3.295943 191 202
3.296943 191 187
3.297943 190 193
3.298943 190 187
3.299943 190 185
3.300943 189 207
3.301943 189 217
3.302943 189 203
3.303943 188 201
3.304943 188 186
3.305943 187 187
3.306943 187 212
3.307943 186 212
3.308943 186 204
3.309942 185 196
3.310942 185 180
3.311942 185 184
3.312942 184 202
3.313942 184 193
3.314942 183 202
3.315942 183 195
3.316942 182 173
3.317942 182 181
3.318942 181 194
3.319942 180 192
3.320942 180 176
3.321942 179 176
3.322942 179 186
3.323941 178 195
3.324941 178 194
3.325941 177 193
3.326941 177 183
3.327941 176 185
3.328941 175 189
3.329941 175 187
3.330941 174 166
3.331941 174 181
3.332941 173 189
3.333941 172 173
3.334941 172 164
3.335941 171 170
3.336941 170 180
3.337940 170 188
3.338940 169 171
3.339940 168 178
3.340940 168 181
3.341940 167 177
3.342940 166 166
3.343940 166 168
3.344940 165 179
3.345940 164 160
3.346940 164 146
3.347940 163 165
3.348940 162 171
3.349940 161 149
3.350940 161 157
3.351939 160 168
3.352939 159 147
3.353939 158 162
3.354939 158 161
3.355939 157 126
3.356939 156 161
3.357939 155 157
3.358939 154 138
3.359939 154 155
3.360939 153 155
3.361939 152 143
3.362939 151 151
3.363939 150 140
3.364938 150 144
3.365938 149 155
3.366938 148 156
3.367938 147 158
3.368938 146 139
3.369938 145 132
3.370938 144 155
3.371938 144 147
3.372938 143 138
3.373938 142 145
3.374938 141 137
3.375938 140 146
3.376938 139 157
3.377938 138 140
3.378937 137 134
3.379937 136 119
3.380937 136 133
3.381937 135 142
3.382937 134 141
3.383937 133 140
3.384937 132 141
3.385937 131 147
3.386937 130 135
3.387937 129 130
3.388937 128 142
3.389937 127 122
3.390937 126 134
3.391937 125 123
3.392936 124 129
3.393936 123 120
3.394936 122 129
3.395936 121 129
3.396936 120 126
3.397936 119 124
3.398936 118 123
3.399936 117 137
3.400936 116 104
3.401936 115 128
3.402936 114 103
3.403936 113 128
3.404936 112 103
3.405936 111 117
3.406935 110 100
3.407935 109 119
3.408935 108 113
3.409935 107 109
3.410935 106 106
3.411935 105 111
3.412935 104 112
3.413935 102 88
3.414935 101 102
3.415935 100 94
3.416935 99 92
3.417935 98 96
3.418935 97 99
3.419935 96 104
3.420934 95 99
3.421934 94 97
3.422934 93 106
3.423934 91 96
3.424934 90 90
3.425934 89 80
3.426934 88 90
3.427934 87 86
3.428934 86 81
3.429934 85 91
3.430934 84 83
3.431934 82 72
3.432934 81 78
3.433933 80 73
3.434933 79 70
3.435933 78 78
3.436933 77 66
3.437933 76 64
3.438933 74 55
3.439933 73 62
3.440933 72 57
3.441933 71 59
3.442933 70 50
3.443933 69 54
3.444933 67 48
3.445933 66 52
3.446933 65 37
3.447932 64 51
3.448932 63 52
3.449932 61 52
3.450932 60 37
3.451932 59 38
3.452932 58 42
3.453932 57 54
3.454932 55 54
3.455932 54 45
3.456932 53 34
3.457932 52 37
3.458932 51 52
3.459932 49 46
3.460932 48 47
3.461931 47 52
3.462931 46 51
3.463931 44 54
3.464931 43 47
3.465931 42 53
3.466931 41 36
3.467931 40 42
3.468931 38 35
3.469931 37 40
3.470931 36 35
3.471931 35 38
3.472931 33 32
3.473931 32 32
3.474931 31 38
3.475930 30 36
3.476930 28 35
3.477930 27 34
3.478930 26 35
3.479930 25 25
3.480930 23 29
3.481930 22 29
3.482930 21 27
3.483930 20 24
3.484930 18 21
3.485930 17 27
3.486930 16 26
3.487930 15 19
3.488930 13 19
3.489929 12 15
3.490929 11 13
3.491929 10 11
3.492929 8 13
3.493929 7 13
3.494929 6 9
3.495929 5 9
3.496929 3 8
3.497929 2 5
3.498929 1 0
3.499929 0 0
3.500929 -1 0
3.501929 -2 0
3.502928 -3 0
3.503928 -4 0
3.504928 -6 0
3.505928 -7 0
3.506928 -8 -1
3.507928 -9 -12
3.508928 -11 -14
3.509928 -12 -17
3.510928 -13 -22
3.511928 -14 -28
3.512928 -16 -22
3.513928 -17 -27
3.514928 -18 -30
3.515928 -19 -32
3.516927 -21 -35
3.517927 -22 -29
3.518927 -23 -39
3.519927 -24 -36
3.520927 -26 -37
3.521927 -27 -43
3.522927 -28 -43
3.523927 -29 -43
3.524927 -31 -45
3.525927 -32 -52
3.526927 -33 -59
3.527927 -34 -53
3.528927 -36 -36
3.529927 -37 -53
3.530926 -38 -69
3.531926 -39 -60
3.532926 -41 -48
3.533926 -42 -51
3.534926 -43 -53
3.535926 -44 -50
3.536926 -45 -51
3.537926 -47 -44
3.538926 -48 -62
3.539926 -49 -66
3.540926 -50 -58
3.541926 -52 -49
3.542926 -53 -54
3.543926 -54 -51
3.544925 -55 -78
3.545925 -56 -59
3.546925 -58 -72
3.547925 -59 -61
3.548925 -60 -64
3.549925 -61 -54
3.550925 -62 -68
3.551925 -64 -62
3.552925 -65 -66
3.553925 -66 -73
3.554925 -67 -72
3.555925 -68 -78
3.556925 -70 -63
3.557925 -71 -69
3.558924 -72 -79
3.559924 -73 -71
3.560924 -74 -76
3.561924 -75 -84
3.562924 -77 -62
3.563924 -78 -79
3.564924 -79 -78
3.565924 -80 -73
3.566924 -81 -83
3.567924 -82 -84
3.568924 -83 -73
3.569924 -85 -91
3.570924 -86 -92
3.571923 -87 -75
3.572923 -88 -93
3.573923 -89 -89
3.574923 -90 -83
3.575923 -91 -84
3.576923 -92 -81
3.577923 -94 -86
3.578923 -95 -101
3.579923 -96 -72
3.580923 -97 -100
3.581923 -98 -94
3.582923 -99 -100
3.583923 -100 -98
3.584923 -101 -93
3.585922 -102 -104
3.586922 -103 -92
3.587922 -104 -105
3.588922 -106 -121
3.589922 -107 -112
3.590922 -108 -122
3.591922 -109 -121
3.592922 -110 -118
3.593922 -111 -123
3.594922 -112 -115
3.595922 -113 -122
3.596922 -114 -118
3.597922 -115 -123
3.598922 -116 -132
3.599921 -117 -119
3.600921 -118 -128
3.601921 -119 -119
3.602921 -120 -123
3.603921 -121 -110
3.604921 -122 -128
3.605921 -123 -128
3.606921 -124 -121
3.607921 -125 -126
3.608921 -126 -123
3.609921 -127 -126
3.610921 -128 -112
3.611921 -129 -119
3.612921 -130 -108
3.613920 -131 -136
3.614920 -132 -120
3.615920 -133 -135
3.616920 -134 -129
3.617920 -134 -137
3.618920 -135 -134
3.619920 -136 -138
3.620920 -137 -130
3.621920 -138 -146
3.622920 -139 -137
3.623920 -140 -113
3.624920 -141 -134
3.625920 -142 -121
3.626920 -143 -138
3.627919 -143 -132
3.628919 -144 -118
3.629919 -145 -144
3.630919 -146 -113
3.631919 -147 -136
3.632919 -148 -133
3.633919 -149 -148
3.634919 -149 -153
3.635919 -150 -151
3.636919 -151 -154
3.637919 -152 -130
3.638919 -153 -149
3.639919 -154 -144
3.640918 -154 -133
3.641918 -155 -161
3.642918 -156 -144
3.643918 -157 -151
3.644918 -157 -141
3.645918 -158 -133
3.646918 -159 -152
3.647918 -160 -142
3.648918 -161 -131
3.649918 -161 -147
3.650918 -162 -153
3.651918 -163 -149
3.652918 -163 -161
3.653918 -164 -142
3.654917 -165 -154
3.655917 -166 -166
3.656917 -166 -165
3.657917 -167 -166
3.658917 -168 -172
3.659917 -168 -158
3.660917 -169 -160
3.661917 -170 -183
3.662917 -170 -168
3.663917 -171 -160
3.664917 -172 -156
3.665917 -172 -173
3.666917 -173 -189
3.667917 -173 -166
3.668916 -174 -172
3.669916 -175 -185
3.670916 -175 -175
3.671916 -176 -159
3.672916 -176 -158
3.673916 -177 -194
3.674916 -178 -192
3.675916 -178 -175
3.676916 -179 -163
3.677916 -179 -201
3.678916 -180 -191
3.679916 -180 -194
3.680916 -181 -181
3.681916 -181 -178
3.682915 -182 -186
3.683915 -183 -180
3.684915 -183 -197
3.685915 -184 -171
3.686915 -184 -183
3.687915 -184 -205
3.688915 -185 -199
3.689915 -185 -193
3.690915 -186 -192
3.691915 -186 -181
3.692915 -187 -179
3.693915 -187 -206
3.694915 -188 -203
3.695915 -188 -184
3.696914 -188 -192
3.697914 -189 -200
3.698914 -189 -200
3.699914 -190 -214
3.700914 -190 -217
3.701914 -190 -202
3.702914 -191 -195
3.703914 -191 -183
3.704914 -192 -182
3.705914 -192 -216
3.706914 -192 -210
3.707914 -193 -203
3.708914 -193 -210
3.709913 -193 -186
3.710913 -193 -192
3.711913 -194 -192
3.712913 -194 -198
3.713913 -194 -214
3.714913 -195 -214
3.715913 -195 -209
3.716913 -195 -212
3.717913 -195 -181
3.718913 -196 -182
3.719913 -196 -202
3.720913 -196 -214
3.721913 -196 -208
3.722913 -197 -195
3.723912 -197 -189
3.724912 -197 -183
3.725912 -197 -198
3.726912 -197 -200
3.727912 -198 -207
3.728912 -198 -188
3.729912 -198 -176
3.730912 -198 -189
3.731912 -198 -194
3.732912 -198 -208
3.733912 -198 -200
3.734912 -199 -203
3.735912 -199 -190
3.736912 -199 -184
3.737911 -199 -197
3.738911 -199 -203
3.739911 -199 -195
3.740911 -199 -189
3.741911 -199 -184
3.742911 -199 -206
3.743911 -199 -202
3.744911 -199 -198
3.745911 -199 -204
3.746911 -199 -208
3.747911 -199 -202
3.748911 -199 -204
3.749911 -199 -193
3.750911 -199 -191
3.751910 -199 -201
3.752910 -199 -202
3.753910 -199 -194
3.754910 -199 -184
3.755910 -199 -182
3.756910 -199 -184
3.757910 -199 -190
3.758910 -199 -184
3.759910 -199 -175
3.760910 -199 -176
3.761910 -199 -190
3.762910 -199 -199
3.763910 -199 -190
3.764910 -199 -188
3.765909 -199 -200
3.766909 -198 -190
3.767909 -198 -195
3.768909 -198 -197
3.769909 -198 -178
3.770909 -198 -177
3.771909 -198 -211
3.772909 -197 -208
3.773909 -197 -202
3.774909 -197 -197
3.775909 -197 -186
3.776909 -197 -193
3.777909 -196 -217
3.778908 -196 -203
3.779908 -196 -215
3.780908 -196 -216
3.781908 -195 -207
3.782908 -195 -212
3.783908 -195 -188
3.784908 -195 -187
3.785908 -194 -212
3.786908 -194 -209
3.787908 -194 -206
3.788908 -194 -215
3.789908 -193 -214
3.790908 -193 -220
3.791908 -193 -193
3.792907 -192 -197
3.793907 -192 -212
3.794907 -192 -203
3.795907 -191 -221
3.796907 -191 -210
3.797907 -191 -213
3.798907 -190 -213
3.799907 -190 -196
3.800907 -189 -199
3.801907 -189 -213
3.802907 -189 -202
3.803907 -188 -206
3.804907 -188 -209
3.805907 -187 -191
3.806906 -187 -187
3.807906 -186 -194
3.808906 -186 -188
3.809906 -185 -201
3.810906 -185 -186
3.811906 -185 -181
3.812906 -184 -177
3.813906 -184 -181
3.814906 -183 -186
3.815906 -183 -192
3.816906 -182 -181
3.817906 -182 -186
3.818906 -181 -183
3.819906 -181 -187
3.820905 -180 -193
3.821905 -179 -169
3.822905 -179 -175
3.823905 -178 -186
3.824905 -178 -179
3.825905 -177 -170
3.826905 -177 -167
3.827905 -176 -187
3.828905 -175 -179
3.829905 -175 -157
3.830905 -174 -173
3.831905 -174 -184
3.832905 -173 -188
3.833905 -172 -169
3.834904 -172 -170
3.835904 -171 -186
3.836904 -170 -187
3.837904 -170 -162
3.838904 -169 -170
3.839904 -168 -186
3.840904 -168 -186
3.841904 -167 -163
3.842904 -166 -156
3.843904 -166 -177
3.844904 -165 -175
3.845904 -164 -150
3.846904 -164 -169
3.847903 -163 -171
3.848903 -162 -169
3.849903 -161 -163
3.850903 -161 -161
3.851903 -160 -166
3.852903 -159 -149
3.853903 -158 -164
3.854903 -158 -158
3.855903 -157 -141
3.856903 -156 -165
3.857903 -155 -156
3.858903 -154 -141
3.859903 -154 -151
3.860903 -153 -153
3.861902 -152 -142
3.862902 -151 -151
3.863902 -150 -144
3.864902 -150 -140
3.865902 -149 -148
3.866902 -148 -131
3.867902 -147 -146
3.868902 -146 -147
3.869902 -145 -141
3.870902 -145 -147
3.871902 -144 -134
3.872902 -143 -143
3.873902 -142 -142
3.874902 -141 -128
3.875901 -140 -151
3.876901 -139 -140
3.877901 -138 -142
3.878901 -137 -146
3.879901 -136 -143
3.880901 -136 -147
3.881901 -135 -125
3.882901 -134 -143
3.883901 -133 -153
3.884901 -132 -121
3.885901 -131 -144
3.886901 -130 -147
3.887901 -129 -140
3.888901 -128 -147
3.889900 -127 -129
3.890900 -126 -148
3.891900 -125 -126
3.892900 -124 -147
3.893900 -123 -142
3.894900 -122 -121
3.895900 -121 -149
3.896900 -120 -143
3.897900 -119 -146
3.898900 -118 -140
3.899900 -117 -139
3.900900 -116 -139
3.901900 -115 -118
3.902900 -114 -139
3.903899 -113 -136
3.904899 -112 -135
3.905899 -111 -138
3.906899 -110 -127
3.907899 -109 -127
3.908899 -108 -105
3.909899 -107 -126
3.910899 -106 -108
3.911899 -105 -129
3.912899 -104 -103
3.913899 -102 -121
3.914899 -101 -97
3.915899 -100 -112
3.916898 -99 -98
3.917898 -98 -105
3.918898 -97 -112
3.919898 -96 -106
3.920898 -95 -113
3.921898 -94 -91
3.922898 -93 -103
3.923898 -92 -93
3.924898 -90 -91
3.925898 -89 -89
3.926898 -88 -85
3.927898 -87 -96
3.928898 -86 -88
3.929898 -85 -80
3.930897 -84 -73
3.931897 -82 -79
3.932897 -81 -77
3.933897 -80 -72
3.934897 -79 -77
3.935897 -78 -68
3.936897 -77 -72
3.937897 -76 -75
3.938897 -74 -63
3.939897 -73 -76
3.940897 -72 -63
3.941897 -71 -65
3.942897 -70 -72
3.943897 -69 -58
3.944896 -67 -53
3.945896 -66 -64
3.946896 -65 -52
3.947896 -64 -53
3.948896 -63 -55
3.949896 -61 -53
3.950896 -60 -39
3.951896 -59 -46
3.952896 -58 -44
3.953896 -57 -41
3.954896 -55 -38
3.955896 -54 -36
3.956896 -53 -27
3.957896 -52 -32
3.958895 -51 -36
3.959895 -49 -32
3.960895 -48 -33
3.961895 -47 -34
3.962895 -46 -30
3.963895 -44 -30
3.964895 -43 -36
3.965895 -42 -32
3.966895 -41 -31
3.967895 -40 -36
3.968895 -38 -35
3.969895 -37 -32
3.970895 -36 -23
3.971895 -35 -29
3.972894 -33 -26
3.973894 -32 -35
3.974894 -31 -30
3.975894 -30 -31
3.976894 -28 -34
3.977894 -27 -37
3.978894 -26 -25
3.979894 -25 -29
3.980894 -23 -31
3.981894 -22 -27
3.982894 -21 -31
3.983894 -20 -30
3.984894 -18 -41
3.985893 -17 -28
3.986893 -16 -36
3.987893 -15 -36
3.988893 -13 -32
3.989893 -12 -36
3.990893 -11 -26
3.991893 -10 -33
3.992893 -8 -27
3.993893 -7 -22
3.994893 -6 -28
3.995893 -5 -30
3.996893 -3 -26
3.997893 -2 -28
3.998893 -1 -26
