0.000000 0
0.001000 0
0.002000 0
0.003000 0
0.004000 0
0.005000 0
0.006000 0
0.007000 0
0.008000 0
0.009000 0
0.010000 0
0.011000 0
0.012000 0
0.013000 0
0.014000 0
0.015000 0
0.016000 0
0.017000 0
0.018000 0
0.019000 0
0.020000 0
0.021000 0
0.022000 0
0.023000 0
0.024000 0
0.025000 0
0.026000 0
0.027000 0
0.028000 0
0.029000 0
0.030000 0
0.031000 0
0.032000 0
0.033000 0
0.034000 0
0.035000 0
0.036000 0
0.037000 0
0.038000 0
0.039000 0
0.040000 0
0.041000 0
0.042000 0
0.043000 0
0.044000 0
0.045000 0
0.046000 0
0.047000 0
0.048000 0
0.049000 0
0.050000 0
0.051000 0
0.052000 -4
0.053000 -4
0.054000 -4
0.055000 -4
0.056000 -3
0.057000 -3
0.058000 -2
0.059000 0
0.060000 0
0.061000 0
0.062000 0
0.063000 0
0.064000 0
0.065000 0
0.066000 0
0.067000 0
0.068000 1
0.069000 1
0.070000 1
0.071000 1
0.072000 1
0.073000 1
0.074000 1
0.075000 1
0.076000 1
0.077000 1
0.078000 1
0.079000 1
0.080000 1
0.081000 1
0.082000 1
0.083000 1
0.084000 1
0.085000 1
0.086000 1
0.087000 1
0.088000 1
0.089000 1
0.090000 1
0.091000 -1
0.092000 -1
0.093000 -1
0.094000 -1
0.095000 -1
0.096000 -1
0.097000 -1
0.098000 -1
0.099000 -1
0.100000 -1
0.101000 -1
0.102000 -1
0.103000 -1
0.104000 -1
0.105000 -1
0.106000 -1
0.107000 -1
0.108000 -1
0.109000 -1
0.110000 -1
0.111000 -1
0.112000 -1
0.113000 -1
0.114000 -1
0.115000 1
0.116000 1
0.117000 1
0.118000 -5
0.119000 -5
0.120000 -7
0.121000 -7
0.122000 -7
0.123000 -5
0.124000 -4
0.125000 0
0.126000 0
0.127000 0
0.128000 0
0.129000 0
0.130000 2
0.131000 2
0.132000 2
0.133000 2
0.134000 2
0.135000 2
0.136000 2
0.137000 2
0.138000 2
0.139000 2
0.140000 1
0.141000 -1
0.142000 -1
0.143000 -10
0.144000 -7
0.145000 0
0.146000 0
0.147000 0
0.148000 0
0.149000 0
0.150000 0
0.151000 0
0.152000 0
0.153000 0
0.154000 0
0.155000 0
0.156000 1
0.157000 1
0.158000 1
0.159000 1
0.160000 1
0.161000 1
0.162000 1
0.163000 1
0.164000 1
0.165000 1
0.166000 1
0.167000 1
0.168000 -1
0.169000 -11
0.170000 -10
0.171000 -6
0.172000 0
0.173000 0
0.174000 0
0.175000 0
0.176000 0
0.177000 0
0.178000 0
0.179000 0
0.180000 0
0.181000 1
0.182000 1
0.183000 1
0.184000 1
0.185000 1
0.186000 1
0.187000 1
0.188000 1
0.189000 1
0.190000 -2
0.191000 -8
0.192000 -8
0.193000 -7
0.194000 -5
0.195000 0
0.196000 0
0.197000 0
0.198000 0
0.199000 0
0.200000 0
0.201000 2
0.202000 2
0.203000 2
0.204000 2
0.205000 2
0.206000 2
0.207000 2
0.208000 2
0.209000 2
0.210000 1
0.211000 1
0.212000 1
0.213000 1
0.214000 1
0.215000 1
0.216000 1
0.217000 1
0.218000 0
0.219000 0
0.220000 0
0.221000 0
0.222000 0
0.223000 0
0.224000 0
0.225000 0
0.226000 0
0.227000 0
0.228000 0
0.229000 0
0.230000 0
0.231000 0
0.232000 0
0.233000 0
0.234000 0
0.235000 0
0.236000 0
0.237000 0
0.238000 0
0.239000 0
0.240000 0
0.241000 0
0.242000 0
0.243000 0
0.244000 0
0.245000 0
0.246000 0
0.247000 0
0.248000 0
0.249000 0
0.250000 0
0.251000 0
0.252000 0
0.253000 0
0.254000 0
0.255000 0
0.256000 0
0.257000 0
0.258000 0
0.259000 0
0.260000 0
0.261000 0
0.262000 0
0.263000 0
0.264000 0
0.265000 0
0.266000 0
0.267000 0
0.268000 0
0.269000 0
0.270000 0
0.271000 0
0.272000 0
0.273000 0
0.274000 0
0.275000 0
0.276000 0
0.277000 1
0.278000 1
0.279000 1
0.280000 1
0.281000 1
0.282000 1
0.283000 1
0.284000 1
0.285000 1
0.286000 -2
0.287000 -2
0.288000 -2
0.289000 -2
0.290000 -2
0.291000 -2
0.292000 -2
0.293000 -2
0.294000 -2
0.295000 -2
0.296000 -1
0.297000 -1
0.298000 -1
0.299000 1
0.300000 1
0.301000 1
0.302000 1
0.303000 1
0.304000 1
0.305000 1
0.306000 1
0.307000 1
0.308000 1
0.309000 1
0.310000 1
0.311000 1
0.312000 1
0.313000 -1
0.314000 -1
0.314999 -1
0.315999 -1
0.316999 -3
0.317999 -3
0.318999 -3
0.319999 -3
0.320999 -3
0.321999 -3
0.322999 -2
0.323999 -2
0.324999 2
0.325999 2
0.326999 2
0.327999 2
0.328999 2
0.329999 2
0.330999 2
0.331999 2
0.332999 2
0.333999 2
0.334999 -4
0.335999 -4
0.336999 -11
0.337999 -8
0.338999 -7
0.339999 -7
0.340999 -5
0.341999 -4
0.342999 0
0.343999 0
0.344999 0
0.345999 0
0.346999 2
0.347999 2
0.348999 2
0.349999 2
0.350999 2
0.351999 2
0.352999 2
0.353999 2
0.354999 2
0.355999 1
0.356999 1
0.357999 1
0.358999 1
0.359999 1
0.360999 1
0.361999 1
0.362999 0
0.363999 0
0.364999 0
0.365999 0
0.366999 0
0.367999 0
0.368999 0
0.369999 0
0.370999 0
0.371999 0
0.372999 0
0.373999 0
0.374999 0
0.375999 0
0.376999 0
0.377999 0
0.378999 0
0.379999 0
0.380999 0
0.381999 0
0.382999 0
0.383999 0
0.384999 0
0.385999 0
0.386999 0
0.387999 0
0.388999 0
0.389999 0
0.390999 0
0.391998 0
0.392998 0
0.393998 0
0.394998 0
0.395998 0
0.396998 0
0.397998 0
0.398998 0
0.399998 0
0.400998 0
0.401998 0
0.402998 0
0.403998 0
0.404998 0
0.405998 0
0.406998 -1
0.407998 -1
0.408998 -1
0.409998 -1
0.410998 -1
0.411998 -1
0.412998 -1
0.413998 -1
0.414998 -1
0.415998 -1
0.416998 -1
0.417998 -1
0.418998 -1
0.419998 -1
0.420998 -1
0.421998 -1
0.422998 -1
0.423998 -1
0.424998 -1
0.425998 -1
0.426998 -1
0.427998 -1
0.428998 -1
0.429998 -1
0.430998 -1
0.431998 -1
0.432998 -1
0.433998 -1
0.434998 -1
0.435998 0
0.436998 0
0.437998 0
0.438998 0
0.439998 0
0.440998 0
0.441998 0
0.442998 0
0.443998 0
0.444998 0
0.445998 0
0.446998 0
0.447998 0
0.448998 0
0.449998 0
0.450998 0
0.451998 0
0.452998 0
0.453998 0
0.454998 0
0.455998 0
0.456998 0
0.457998 0
0.458998 0
0.459998 0
0.460998 0
0.461998 0
0.462998 0
0.463998 0
0.464998 0
0.465998 0
0.466998 0
0.467998 0
0.468998 0
0.469997 0
0.470997 0
0.471997 0
0.472997 0
0.473997 0
0.474997 0
0.475997 0
0.476997 0
0.477997 0
0.478997 0
0.479997 0
0.480997 0
0.481997 0
0.482997 0
0.483997 0
0.484997 0
0.485997 0
0.486997 0
0.487997 0
0.488997 0
0.489997 0
0.490997 0
0.491997 0
0.492997 0
0.493997 0
0.494997 0
0.495997 0
0.496997 0
0.497997 0
0.498997 0
0.499997 0
0.500997 0
0.501997 0
0.502997 0
0.503997 0
0.504997 0
0.505997 0
0.506997 0
0.507997 0
0.508997 0
0.509997 0
0.510997 0
0.511997 0
0.512997 0
0.513997 0
0.514997 0
0.515997 0
0.516997 0
0.517997 0
0.518997 1
0.519997 1
0.520997 1
0.521997 1
0.522997 1
0.523997 1
0.524997 1
0.525997 1
0.526997 1
0.527997 1
0.528997 1
0.529997 1
0.530997 1
0.531997 1
0.532997 1
0.533997 1
0.534997 1
0.535997 1
0.536997 1
0.537997 1
0.538997 1
0.539997 1
0.540997 1
0.541997 1
0.542997 1
0.543997 1
0.544997 1
0.545997 1
0.546997 1
0.547997 1
0.548997 0
0.549996 0
0.550996 0
0.551996 0
0.552996 0
0.553996 0
0.554996 0
0.555996 0
0.556996 0
0.557996 0
0.558996 0
0.559996 0
0.560996 0
0.561996 0
0.562996 0
0.563996 0
0.564996 0
0.565996 0
0.566996 0
0.567996 0
0.568996 0
0.569996 0
0.570996 0
0.571996 0
0.572996 0
0.573996 0
0.574996 0
0.575996 0
0.576996 0
0.577996 0
0.578996 0
0.579996 0
0.580996 1
0.581996 1
0.582996 1
0.583996 1
0.584996 1
0.585996 1
0.586996 1
0.587996 1
0.588996 1
0.589996 1
0.590996 1
0.591996 1
0.592996 1
0.593996 1
0.594996 1
0.595996 1
0.596996 -1
0.597996 -1
0.598996 -1
0.599996 -1
0.600996 -1
0.601996 -1
0.602996 -1
0.603996 -1
0.604996 -1
0.605996 -1
0.606996 -1
0.607996 -1
0.608996 -1
0.609996 -1
0.610996 -1
0.611996 -1
0.612996 -1
0.613996 -1
0.614996 -1
0.615996 -1
0.616996 -1
0.617996 -1
0.618996 -1
0.619996 1
0.620996 1
0.621996 1
0.622996 1
0.623996 1
0.624996 1
0.625996 1
0.626996 1
0.627995 1
0.628995 1
0.629995 1
0.630995 1
0.631995 1
0.632995 1
0.633995 1
0.634995 1
0.635995 -1
0.636995 -1
0.637995 -7
0.638995 -7
0.639995 -7
0.640995 -4
0.641995 0
0.642995 0
0.643995 0
0.644995 0
0.645995 0
0.646995 0
0.647995 0
0.648995 0
0.649995 1
0.650995 1
0.651995 1
0.652995 1
0.653995 1
0.654995 1
0.655995 1
0.656995 1
0.657995 1
0.658995 1
0.659995 1
0.660995 1
0.661995 1
0.662995 1
0.663995 1
0.664995 1
0.665995 1
0.666995 1
0.667995 1
0.668995 1
0.669995 1
0.670995 1
0.671995 1
0.672995 1
0.673995 0
0.674995 0
0.675995 0
0.676995 0
0.677995 0
0.678995 0
0.679995 0
0.680995 0
0.681995 0
0.682995 0
0.683995 0
0.684995 0
0.685995 0
0.686995 0
0.687995 0
0.688995 0
0.689995 0
0.690995 0
0.691995 0
0.692995 0
0.693995 0
0.694995 0
0.695995 0
0.696995 0
0.697995 0
0.698995 0
0.699995 0
0.700995 0
0.701995 0
0.702995 0
0.703995 0
0.704994 0
0.705994 0
0.706994 0
0.707994 0
0.708994 0
0.709994 1
0.710994 1
0.711994 1
0.712994 1
0.713994 1
0.714994 1
0.715994 1
0.716994 1
0.717994 1
0.718994 1
0.719994 -1
0.720994 -1
0.721994 -1
0.722994 -1
0.723994 -4
0.724994 -4
0.725994 -4
0.726994 -4
0.727994 -3
0.728994 -3
0.729994 -2
0.730994 2
0.731994 2
0.732994 2
0.733994 2
0.734994 2
0.735994 2
0.736994 2
0.737994 2
0.738994 2
0.739994 2
0.740994 2
0.741994 2
0.742994 2
0.743994 2
0.744994 2
0.745994 1
0.746994 1
0.747994 1
0.748994 0
0.749994 0
0.750994 0
0.751994 0
0.752994 0
0.753994 0
0.754994 0
0.755994 -1
0.756994 -1
0.757994 -8
0.758994 -8
0.759994 -5
0.760994 -5
0.761994 -5
0.762994 -5
0.763994 -4
0.764994 -3
0.765994 0
0.766994 2
0.767994 2
0.768994 2
0.769994 2
0.770994 2
0.771994 3
0.772994 3
0.773994 3
0.774994 3
0.775994 3
0.776994 3
0.777994 3
0.778994 2
0.779994 2
0.780994 2
0.781994 1
0.782993 0
0.783993 0
0.784993 -1
0.785993 -1
0.786993 -1
0.787993 -5
0.788993 -5
0.789993 -5
0.790993 -4
0.791993 -3
0.792993 -3
0.793993 0
0.794993 0
0.795993 2
0.796993 2
0.797993 2
0.798993 2
0.799993 2
0.800993 2
0.801993 2
0.802993 2
0.803993 2
0.804993 2
0.805993 -1
0.806993 -11
0.807993 -11
0.808993 -7
0.809993 -6
0.810993 -6
0.811993 -5
0.812993 -4
0.813993 -3
0.814993 0
0.815993 3
0.816993 3
0.817993 3
0.818993 5
0.819993 5
0.820993 5
0.821993 4
0.822993 3
0.823993 0
0.824993 0
0.825993 0
0.826993 0
0.827993 0
0.828993 0
0.829993 0
0.830993 0
0.831993 0
0.832993 0
0.833993 0
0.834993 0
0.835993 0
0.836993 0
0.837993 0
0.838993 0
0.839993 0
0.840993 0
0.841993 0
0.842993 0
0.843993 0
0.844993 0
0.845993 0
0.846993 0
0.847993 0
0.848993 0
0.849993 0
0.850993 0
0.851993 0
0.852993 0
0.853993 0
0.854993 0
0.855993 0
0.856993 0
0.857993 0
0.858993 0
0.859993 0
0.860992 0
0.861992 0
0.862992 0
0.863992 0
0.864992 0
0.865992 0
0.866992 0
0.867992 0
0.868992 0
0.869992 0
0.870992 0
0.871992 0
0.872992 0
0.873992 0
0.874992 0
0.875992 0
0.876992 0
0.877992 0
0.878992 0
0.879992 0
0.880992 0
0.881992 0
0.882992 0
0.883992 0
0.884992 0
0.885992 0
0.886992 0
0.887992 0
0.888992 0
0.889992 0
0.890992 0
0.891992 0
0.892992 0
0.893992 0
0.894992 0
0.895992 0
0.896992 0
0.897992 0
0.898992 0
0.899992 0
0.900992 0
0.901992 0
0.902992 0
0.903992 0
0.904992 0
0.905992 0
0.906992 0
0.907992 0
0.908992 0
0.909992 0
0.910992 0
0.911992 0
0.912992 0
0.913992 0
0.914992 0
0.915992 0
0.916992 0
0.917992 0
0.918992 0
0.919992 0
0.920992 0
0.921992 0
0.922992 0
0.923992 0
0.924992 0
0.925992 0
0.926992 0
0.927992 0
0.928992 0
0.929992 0
0.930992 0
0.931992 0
0.932992 0
0.933992 0
0.934992 0
0.935992 0
0.936992 0
0.937991 0
0.938991 0
0.939991 0
0.940991 0
0.941991 0
0.942991 0
0.943991 0
0.944991 0
0.945991 0
0.946991 0
0.947991 0
0.948991 0
0.949991 0
0.950991 0
0.951991 0
0.952991 0
0.953991 0
0.954991 0
0.955991 0
0.956991 0
0.957991 0
0.958991 0
0.959991 0
0.960991 0
0.961991 0
0.962991 0
0.963991 0
0.964991 0
0.965991 0
0.966991 0
0.967991 0
0.968991 0
0.969991 0
0.970991 0
0.971991 0
0.972991 0
0.973991 0
0.974991 0
0.975991 0
0.976991 0
0.977991 0
0.978991 0
0.979991 0
0.980991 0
0.981991 0
0.982991 0
0.983991 0
0.984991 0
0.985991 0
0.986991 0
0.987991 0
0.988991 0
0.989991 0
0.990991 0
0.991991 0
0.992991 0
0.993991 0
0.994991 0
0.995991 0
0.996991 0
0.997991 0
0.998991 0
0.999991 0
1.000991 0
1.001991 0
1.002991 0
1.003991 0
1.004991 0
1.005991 0
1.006991 0
1.007991 0
1.008991 0
1.009991 0
1.010991 0
1.011991 0
1.012991 0
1.013991 0
1.014991 0
1.015991 0
1.016991 0
1.017992 0
1.018992 0
1.019992 0
1.020992 0
1.021992 0
1.022992 0
1.023992 0
1.024992 0
1.025992 0
1.026992 0
1.027992 0
1.028992 0
1.029992 0
1.030992 0
1.031992 0
1.032992 0
1.033992 0
1.034992 0
1.035992 0
1.036992 0
1.037992 0
1.038993 0
1.039993 0
1.040993 0
1.041993 0
1.042993 0
1.043993 0
1.044993 0
1.045993 0
1.046993 0
1.047993 0
1.048993 0
1.049993 0
1.050993 0
1.051993 0
1.052993 0
1.053993 0
1.054993 0
1.055993 0
1.056993 0
1.057993 0
1.058993 0
1.059994 0
1.060994 0
1.061994 0
1.062994 0
1.063994 0
1.064994 0
1.065994 0
1.066994 0
1.067994 0
1.068994 0
1.069994 0
1.070994 0
1.071994 0
1.072994 0
1.073994 0
1.074994 0
1.075994 0
1.076994 0
1.077994 0
1.078994 0
1.079994 0
1.080994 0
1.081995 0
1.082995 0
1.083995 0
1.084995 0
1.085995 0
1.086995 0
1.087995 0
1.088995 0
1.089995 0
1.090995 0
1.091995 0
1.092995 0
1.093995 0
1.094995 0
1.095995 0
1.096995 0
1.097995 0
1.098995 0
1.099995 0
1.100995 0
1.101995 0
1.102996 0
1.103996 0
1.104996 0
1.105996 0
1.106996 0
1.107996 0
1.108996 0
1.109996 0
1.110996 0
1.111996 0
1.112996 0
1.113996 0
1.114996 0
1.115996 0
1.116996 0
1.117996 0
1.118996 0
1.119996 0
1.120996 0
1.121996 0
1.122996 0
1.123996 0
1.124997 0
1.125997 0
1.126997 0
1.127997 0
1.128997 0
1.129997 0
1.130997 0
1.131997 0
1.132997 0
1.133997 0
1.134997 0
1.135997 0
1.136997 0
1.137997 0
1.138997 0
1.139997 0
1.140997 0
1.141997 0
1.142997 0
1.143997 0
1.144997 0
1.145998 0
1.146998 0
1.147998 0
1.148998 0
1.149998 0
1.150998 0
1.151998 0
1.152998 0
1.153998 0
1.154998 0
1.155998 0
1.156998 0
1.157998 0
1.158998 0
1.159998 0
1.160998 0
1.161998 0
1.162998 0
1.163998 0
1.164998 0
1.165998 0
1.166999 0
1.167999 0
1.168999 0
1.169999 0
1.170999 0
1.171999 0
1.172999 0
1.173999 0
1.174999 0
1.175999 0
1.176999 0
1.177999 0
1.178999 0
1.179999 0
1.180999 0
1.181999 0
1.182999 0
1.183999 0
1.184999 0
1.185999 0
1.186999 0
1.187999 0
1.189000 0
1.190000 0
1.191000 0
1.192000 0
1.193000 0
1.194000 0
1.195000 0
1.196000 0
1.197000 0
1.198000 0
1.199000 0
1.200000 0
1.201000 0
1.202000 0
1.203000 0
1.204000 0
1.205000 0
1.206000 0
1.207000 0
1.208000 0
1.209000 0
1.210001 0
1.211001 0
1.212001 0
1.213001 0
1.214001 0
1.215001 0
1.216001 0
1.217001 0
1.218001 0
1.219001 0
1.220001 0
1.221001 0
1.222001 0
1.223001 0
1.224001 0
1.225001 0
1.226001 0
1.227001 0
1.228001 0
1.229001 0
1.230001 0
1.231001 0
1.232002 0
1.233002 0
1.234002 0
1.235002 0
1.236002 0
1.237002 0
1.238002 0
1.239002 0
1.240002 0
1.241002 0
1.242002 0
1.243002 0
1.244002 0
1.245002 0
1.246002 0
1.247002 0
1.248002 0
1.249002 0
1.250002 0
1.251002 0
1.252002 0
1.253003 0
1.254003 0
1.255003 0
1.256003 0
1.257003 0
1.258003 0
1.259003 0
1.260003 0
1.261003 0
1.262003 0
1.263003 0
1.264003 0
1.265003 0
1.266003 0
1.267003 0
1.268003 0
1.269003 0
1.270003 0
1.271003 0
1.272003 0
1.273003 0
1.274004 0
1.275004 0
1.276004 0
1.277004 0
1.278004 0
1.279004 0
1.280004 0
1.281004 1
1.282004 1
1.283004 1
1.284004 1
1.285004 1
1.286004 1
1.287004 1
1.288004 1
1.289004 1
1.290004 1
1.291004 1
1.292004 1
1.293004 1
1.294004 1
1.295004 1
1.296005 1
1.297005 1
1.298005 1
1.299005 1
1.300005 1
1.301005 1
1.302005 1
1.303005 1
1.304005 1
1.305005 1
1.306005 1
1.307005 1
1.308005 1
1.309005 1
1.310005 0
1.311005 0
1.312005 0
1.313005 0
1.314005 0
1.315005 0
1.316005 0
1.317006 0
1.318006 0
1.319006 0
1.320006 0
1.321006 0
1.322006 0
1.323006 0
1.324006 0
1.325006 0
1.326006 0
1.327006 0
1.328006 0
1.329006 0
1.330006 0
1.331006 0
1.332006 0
1.333006 0
1.334006 0
1.335006 0
1.336006 0
1.337006 0
1.338006 0
1.339007 0
1.340007 0
1.341007 0
1.342007 0
1.343007 0
1.344007 0
1.345007 0
1.346007 0
1.347007 0
1.348007 0
1.349007 0
1.350007 0
1.351007 0
1.352007 0
1.353007 0
1.354007 0
1.355007 0
1.356007 0
1.357007 0
1.358007 0
1.359007 0
1.360008 1
1.361008 1
1.362008 1
1.363008 1
1.364008 1
1.365008 1
1.366008 1
1.367008 1
1.368008 1
1.369008 1
1.370008 1
1.371008 1
1.372008 1
1.373008 1
1.374008 1
1.375008 1
1.376008 1
1.377008 1
1.378008 1
1.379008 1
1.380008 1
1.381009 1
1.382009 1
1.383009 1
1.384009 1
1.385009 1
1.386009 -1
1.387009 -1
1.388009 -1
1.389009 -1
1.390009 -1
1.391009 -1
1.392009 -1
1.393009 -1
1.394009 -1
1.395009 -1
1.396009 -1
1.397009 -1
1.398009 -1
1.399009 1
1.400009 1
1.401009 1
1.402009 1
1.403010 1
1.404010 1
1.405010 1
1.406010 1
1.407010 1
1.408010 1
1.409010 1
1.410010 1
1.411010 1
1.412010 1
1.413010 1
1.414010 1
1.415010 1
1.416010 1
1.417010 1
1.418010 1
1.419010 1
1.420010 1
1.421010 1
1.422010 1
1.423010 1
1.424011 0
1.425011 0
1.426011 0
1.427011 0
1.428011 0
1.429011 0
1.430011 0
1.431011 0
1.432011 0
1.433011 0
1.434011 0
1.435011 0
1.436011 0
1.437011 0
1.438011 0
1.439011 0
1.440011 0
1.441011 0
1.442011 0
1.443011 0
1.444011 0
1.445011 0
1.446012 0
1.447012 0
1.448012 0
1.449012 0
1.450012 0
1.451012 0
1.452012 0
1.453012 0
1.454012 0
1.455012 0
1.456012 0
1.457012 0
1.458012 0
1.459012 0
1.460012 0
1.461012 0
1.462012 0
1.463012 0
1.464012 0
1.465012 0
1.466012 1
1.467013 1
1.468013 1
1.469013 1
1.470013 1
1.471013 1
1.472013 1
1.473013 1
1.474013 1
1.475013 1
1.476013 1
1.477013 1
1.478013 1
1.479013 1
1.480013 1
1.481013 1
1.482013 1
1.483013 1
1.484013 1
1.485013 1
1.486013 1
1.487013 1
1.488014 -1
1.489014 -1
1.490014 -1
1.491014 -1
1.492014 -1
1.493014 -1
1.494014 -1
1.495014 -1
1.496014 -1
1.497014 -1
1.498014 -1
1.499014 -1
1.500014 -1
1.501014 -1
1.502014 -1
1.503014 -1
1.504014 1
1.505014 1
1.506014 1
1.507014 1
1.508014 1
1.509014 1
1.510015 1
1.511015 1
1.512015 1
1.513015 1
1.514015 1
1.515015 1
1.516015 1
1.517015 1
1.518015 1
1.519015 1
1.520015 1
1.521015 1
1.522015 1
1.523015 1
1.524015 1
1.525015 1
1.526015 1
1.527015 1
1.528015 1
1.529015 1
1.530015 1
1.531016 1
1.532016 1
1.533016 1
1.534016 0
1.535016 0
1.536016 0
1.537016 0
1.538016 0
1.539016 0
1.540016 0
1.541016 0
1.542016 0
1.543016 0
1.544016 0
1.545016 0
1.546016 0
1.547016 0
1.548016 0
1.549016 0
1.550016 0
1.551016 0
1.552016 0
1.553017 0
1.554017 0
1.555017 0
1.556017 0
1.557017 0
1.558017 0
1.559017 0
1.560017 0
1.561017 0
1.562017 0
1.563017 0
1.564017 0
1.565017 0
1.566017 0
1.567017 0
1.568017 0
1.569017 0
1.570017 0
1.571017 0
1.572017 0
1.573017 0
1.574018 0
1.575018 0
1.576018 0
1.577018 0
1.578018 0
1.579018 0
1.580018 0
1.581018 0
1.582018 0
1.583018 0
1.584018 0
1.585018 0
1.586018 0
1.587018 0
1.588018 0
1.589018 0
1.590018 0
1.591018 0
1.592018 0
1.593018 0
1.594018 0
1.595019 0
1.596019 0
1.597019 0
1.598019 0
1.599019 0
1.600019 0
1.601019 0
1.602019 0
1.603019 0
1.604019 0
1.605019 0
1.606019 0
1.607019 0
1.608019 0
1.609019 0
1.610019 -10
1.611019 -10
1.612019 -6
1.613019 0
1.614019 0
1.615019 0
1.616019 0
1.617020 0
1.618020 0
1.619020 0
1.620020 0
1.621020 0
1.622020 0
1.623020 1
1.624020 1
1.625020 1
1.626020 1
1.627020 1
1.628020 1
1.629020 1
1.630020 1
1.631020 1
1.632020 1
1.633020 1
1.634020 1
1.635020 1
1.636020 1
1.637020 1
1.638021 1
1.639021 1
1.640021 1
1.641021 1
1.642021 1
1.643021 1
1.644021 1
1.645021 1
1.646021 1
1.647021 1
1.648021 0
1.649021 0
1.650021 0
1.651021 0
1.652021 0
1.653021 0
1.654021 0
1.655021 0
1.656021 0
1.657021 0
1.658021 0
1.659021 0
1.660022 0
1.661022 0
1.662022 0
1.663022 0
1.664022 0
1.665022 0
1.666022 0
1.667022 0
1.668022 0
1.669022 0
1.670022 0
1.671022 0
1.672022 0
1.673022 0
1.674022 0
1.675022 0
1.676022 0
1.677022 0
1.678022 0
1.679022 0
1.680022 0
1.681023 0
1.682023 0
1.683023 0
1.684023 0
1.685023 0
1.686023 0
1.687023 0
1.688023 0
1.689023 0
1.690023 0
1.691023 0
1.692023 0
1.693023 0
1.694023 0
1.695023 0
1.696023 0
1.697023 0
1.698023 0
1.699023 0
1.700023 0
1.701023 0
1.702024 0
1.703024 0
1.704024 0
1.705024 0
1.706024 0
1.707024 0
1.708024 0
1.709024 0
1.710024 0
1.711024 0
1.712024 0
1.713024 0
1.714024 0
1.715024 0
1.716024 0
1.717024 0
1.718024 0
1.719024 0
1.720024 0
1.721024 0
1.722024 0
1.723024 0
1.724025 0
1.725025 0
1.726025 0
1.727025 0
1.728025 0
1.729025 0
1.730025 0
1.731025 0
1.732025 0
1.733025 0
1.734025 0
1.735025 0
1.736025 0
1.737025 0
1.738025 0
1.739025 0
1.740025 0
1.741025 0
1.742025 0
1.743025 0
1.744025 0
1.745026 0
1.746026 4
1.747026 4
1.748026 4
1.749026 4
1.750026 3
1.751026 3
1.752026 2
1.753026 0
1.754026 0
1.755026 0
1.756026 0
1.757026 0
1.758026 0
1.759026 0
1.760026 0
1.761026 0
1.762026 0
1.763026 0
1.764026 0
1.765026 0
1.766026 0
1.767027 0
1.768027 0
1.769027 0
1.770027 0
1.771027 0
1.772027 0
1.773027 0
1.774027 0
1.775027 0
1.776027 0
1.777027 0
1.778027 0
1.779027 0
1.780027 0
1.781027 0
1.782027 0
1.783027 0
1.784027 0
1.785027 0
1.786027 0
1.787027 0
1.788028 0
1.789028 0
1.790028 0
1.791028 0
1.792028 0
1.793028 0
1.794028 0
1.795028 0
1.796028 0
1.797028 0
1.798028 0
1.799028 0
1.800028 0
1.801028 0
1.802028 0
1.803028 0
1.804028 0
1.805028 0
1.806028 0
1.807028 0
1.808028 0
1.809029 0
1.810029 0
1.811029 0
1.812029 0
1.813029 0
1.814029 0
1.815029 0
1.816029 0
1.817029 0
1.818029 0
1.819029 0
1.820029 0
1.821029 0
1.822029 0
1.823029 0
1.824029 0
1.825029 0
1.826029 0
1.827029 0
1.828029 0
1.829029 6
1.830029 6
1.831030 6
1.832030 5
1.833030 4
1.834030 3
1.835030 0
1.836030 0
1.837030 0
1.838030 0
1.839030 0
1.840030 0
1.841030 0
1.842030 0
1.843030 0
1.844030 0
1.845030 0
1.846030 0
1.847030 0
1.848030 0
1.849030 0
1.850030 0
1.851030 0
1.852031 0
1.853031 0
1.854031 0
1.855031 0
1.856031 0
1.857031 0
1.858031 0
1.859031 0
1.860031 0
1.861031 0
1.862031 0
1.863031 0
1.864031 0
1.865031 0
1.866031 0
1.867031 0
1.868031 0
1.869031 0
1.870031 0
1.871031 0
1.872031 0
1.873031 0
1.874032 0
1.875032 0
1.876032 0
1.877032 0
1.878032 0
1.879032 0
1.880032 0
1.881032 0
1.882032 0
1.883032 0
1.884032 0
1.885032 0
1.886032 0
1.887032 0
1.888032 0
1.889032 0
1.890032 0
1.891032 0
1.892032 0
1.893032 0
1.894032 0
1.895033 0
1.896033 0
1.897033 0
1.898033 0
1.899033 0
1.900033 0
1.901033 0
1.902033 0
1.903033 0
1.904033 0
1.905033 0
1.906033 0
1.907033 0
1.908033 0
1.909033 0
1.910033 0
1.911033 0
1.912033 0
1.913033 0
1.914033 0
1.915033 0
1.916034 0
1.917034 0
1.918034 0
1.919034 0
1.920034 0
1.921034 0
1.922034 0
1.923034 0
1.924034 0
1.925034 0
1.926034 0
1.927034 0
1.928034 0
1.929034 0
1.930034 0
1.931034 0
1.932034 0
1.933034 0
1.934034 0
1.935034 0
1.936034 0
1.937034 0
1.938035 0
1.939035 -1
1.940035 -1
1.941035 -1
1.942035 -1
1.943035 -1
1.944035 -1
1.945035 -1
1.946035 -1
1.947035 -1
1.948035 -1
1.949035 -1
1.950035 -1
1.951035 -1
1.952035 -1
1.953035 -1
1.954035 -1
1.955035 -1
1.956035 -1
1.957035 -1
1.958035 1
1.959036 1
1.960036 7
1.961036 7
1.962036 6
1.963036 5
1.964036 5
1.965036 5
1.966036 4
1.967036 3
1.968036 3
1.969036 0
1.970036 0
1.971036 0
1.972036 0
1.973036 -1
1.974036 -1
1.975036 -1
1.976036 -1
1.977036 -1
1.978036 -1
1.979036 -1
1.980036 -1
1.981037 -1
1.982037 -1
1.983037 -1
1.984037 -1
1.985037 -1
1.986037 -1
1.987037 -1
1.988037 -1
1.989037 -1
1.990037 -1
1.991037 -1
1.992037 -1
1.993037 0
1.994037 0
1.995037 0
1.996037 0
1.997037 0
1.998037 0
1.999037 0
2.000037 0
2.001037 0
2.002037 0
2.003037 0
2.004037 0
2.005037 0
2.006037 0
2.007037 0
2.008037 0
2.009037 0
2.010037 0
2.011037 0
2.012037 0
2.013036 0
2.014036 0
2.015036 0
2.016036 0
2.017036 0
2.018036 0
2.019036 0
2.020036 0
2.021036 0
2.022036 0
2.023036 0
2.024036 0
2.025036 0
2.026036 0
2.027035 0
2.028035 0
2.029035 0
2.030035 0
2.031035 0
2.032035 0
2.033035 0
2.034035 0
2.035035 0
2.036035 0
2.037035 0
2.038035 0
2.039035 0
2.040035 0
2.041034 0
2.042034 0
2.043034 0
2.044034 0
2.045034 0
2.046034 0
2.047034 0
2.048034 0
2.049034 0
2.050034 0
2.051034 0
2.052034 0
2.053034 0
2.054034 0
2.055033 0
2.056033 0
2.057033 0
2.058033 0
2.059033 0
2.060033 0
2.061033 0
2.062033 0
2.063033 0
2.064033 0
2.065033 0
2.066033 0
2.067033 0
2.068033 0
2.069032 0
2.070032 0
2.071032 0
2.072032 0
2.073032 0
2.074032 0
2.075032 0
2.076032 0
2.077032 0
2.078032 0
2.079032 0
2.080032 0
2.081032 0
2.082031 0
2.083031 0
2.084031 0
2.085031 0
2.086031 0
2.087031 0
2.088031 0
2.089031 0
2.090031 0
2.091031 0
2.092031 0
2.093031 0
2.094031 0
2.095031 0
2.096030 0
2.097030 0
2.098030 0
2.099030 0
2.100030 0
2.101030 0
2.102030 0
2.103030 0
2.104030 0
2.105030 0
2.106030 0
2.107030 0
2.108030 0
2.109030 0
2.110029 0
2.111029 0
2.112029 0
2.113029 0
2.114029 0
2.115029 0
2.116029 0
2.117029 0
2.118029 0
2.119029 0
2.120029 0
2.121029 0
2.122029 0
2.123029 0
2.124028 0
2.125028 0
2.126028 0
2.127028 0
2.128028 0
2.129028 0
2.130028 0
2.131028 0
2.132028 0
2.133028 0
2.134028 0
2.135028 0
2.136028 0
2.137028 0
2.138027 0
2.139027 0
2.140027 0
2.141027 0
2.142027 0
2.143027 0
2.144027 0
2.145027 0
2.146027 0
2.147027 0
2.148027 0
2.149027 0
2.150027 0
2.151026 0
2.152026 0
2.153026 0
2.154026 0
2.155026 0
2.156026 0
2.157026 0
2.158026 0
2.159026 0
2.160026 0
2.161026 0
2.162026 0
2.163026 0
2.164026 0
2.165025 0
2.166025 0
2.167025 0
2.168025 0
2.169025 0
2.170025 0
2.171025 0
2.172025 0
2.173025 0
2.174025 0
2.175025 0
2.176025 0
2.177025 0
2.178025 0
2.179024 0
2.180024 0
2.181024 0
2.182024 0
2.183024 0
2.184024 0
2.185024 0
2.186024 0
2.187024 0
2.188024 0
2.189024 0
2.190024 0
2.191024 0
2.192024 0
2.193023 0
2.194023 0
2.195023 0
2.196023 0
2.197023 0
2.198023 0
2.199023 0
2.200023 0
2.201023 0
2.202023 0
2.203023 0
2.204023 0
2.205023 0
2.206023 0
2.207022 0
2.208022 0
2.209022 0
2.210022 0
2.211022 0
2.212022 0
2.213022 0
2.214022 0
2.215022 0
2.216022 0
2.217022 0
2.218022 0
2.219022 0
2.220021 0
2.221021 0
2.222021 0
2.223021 0
2.224021 0
2.225021 0
2.226021 0
2.227021 0
2.228021 0
2.229021 0
2.230021 0
2.231021 0
2.232021 0
2.233021 0
2.234020 0
2.235020 0
2.236020 0
2.237020 0
2.238020 0
2.239020 0
2.240020 0
2.241020 0
2.242020 0
2.243020 0
2.244020 0
2.245020 0
2.246020 0
2.247020 0
2.248019 0
2.249019 0
2.250019 0
2.251019 0
2.252019 0
2.253019 0
2.254019 0
2.255019 0
2.256019 0
2.257019 0
2.258019 0
2.259019 0
2.260019 0
2.261019 0
2.262018 0
2.263018 0
2.264018 0
2.265018 0
2.266018 0
2.267018 0
2.268018 0
2.269018 0
2.270018 0
2.271018 0
2.272018 0
2.273018 0
2.274018 0
2.275017 0
2.276017 0
2.277017 0
2.278017 0
2.279017 0
2.280017 0
2.281017 0
2.282017 0
2.283017 0
2.284017 0
2.285017 0
2.286017 0
2.287017 0
2.288017 0
2.289016 0
2.290016 0
2.291016 0
2.292016 0
2.293016 0
2.294016 0
2.295016 0
2.296016 0
2.297016 0
2.298016 0
2.299016 0
2.300016 0
2.301016 0
2.302016 0
2.303015 0
2.304015 0
2.305015 0
2.306015 0
2.307015 0
2.308015 0
2.309015 0
2.310015 0
2.311015 0
2.312015 0
2.313015 0
2.314015 0
2.315015 0
2.316015 0
2.317014 0
2.318014 0
2.319014 0
2.320014 0
2.321014 0
2.322014 0
2.323014 0
2.324014 0
2.325014 0
2.326014 0
2.327014 0
2.328014 0
2.329014 0
2.330014 0
2.331013 0
2.332013 0
2.333013 0
2.334013 0
2.335013 0
2.336013 0
2.337013 0
2.338013 0
2.339013 0
2.340013 0
2.341013 0
2.342013 0
2.343013 0
2.344012 0
2.345012 0
2.346012 0
2.347012 0
2.348012 0
2.349012 0
2.350012 0
2.351012 0
2.352012 0
2.353012 0
2.354012 0
2.355012 0
2.356012 0
2.357012 0
2.358011 0
2.359011 0
2.360011 0
2.361011 0
2.362011 0
2.363011 0
2.364011 0
2.365011 0
2.366011 0
2.367011 0
2.368011 0
2.369011 0
2.370011 0
2.371011 0
2.372010 0
2.373010 0
2.374010 0
2.375010 0
2.376010 0
2.377010 0
2.378010 0
2.379010 0
2.380010 0
2.381010 0
2.382010 0
2.383010 0
2.384010 0
2.385010 0
2.386009 0
2.387009 0
2.388009 0
2.389009 0
2.390009 0
2.391009 0
2.392009 0
2.393009 0
2.394009 0
2.395009 0
2.396009 0
2.397009 0
2.398009 0
2.399009 0
2.400008 0
2.401008 0
2.402008 0
2.403008 0
2.404008 0
2.405008 0
2.406008 0
2.407008 0
2.408008 0
2.409008 0
2.410008 0
2.411008 0
2.412008 0
2.413007 0
2.414007 0
2.415007 0
2.416007 0
2.417007 0
2.418007 0
2.419007 0
2.420007 0
2.421007 0
2.422007 0
2.423007 0
2.424007 0
2.425007 0
2.426007 0
2.427006 0
2.428006 0
2.429006 0
2.430006 0
2.431006 0
2.432006 0
2.433006 0
2.434006 0
2.435006 0
2.436006 0
2.437006 0
2.438006 0
2.439006 0
2.440006 0
2.441005 0
2.442005 0
2.443005 0
2.444005 0
2.445005 0
2.446005 0
2.447005 0
2.448005 0
2.449005 0
2.450005 0
2.451005 0
2.452005 0
2.453005 0
2.454005 0
2.455004 0
2.456004 0
2.457004 0
2.458004 0
2.459004 0
2.460004 0
2.461004 0
2.462004 0
2.463004 0
2.464004 0
2.465004 0
2.466004 0
2.467004 0
2.468004 0
2.469003 0
2.470003 0
2.471003 0
2.472003 0
2.473003 0
2.474003 0
2.475003 0
2.476003 0
2.477003 0
2.478003 0
2.479003 0
2.480003 0
2.481003 0
2.482002 0
2.483002 0
2.484002 0
2.485002 0
2.486002 0
2.487002 0
2.488002 0
2.489002 0
2.490002 0
2.491002 0
2.492002 0
2.493002 0
2.494002 0
2.495002 0
2.496001 0
2.497001 0
2.498001 0
2.499001 0
2.500001 0
2.501001 0
2.502001 0
2.503001 0
2.504001 0
2.505001 0
2.506001 0
2.507001 0
2.508001 0
2.509001 0
2.510000 0
2.511000 0
2.512000 0
2.513000 0
2.514000 0
2.515000 0
2.516000 0
2.517000 0
2.518000 0
2.519000 0
2.520000 0
2.521000 0
2.522000 0
2.523000 0
2.523999 0
2.524999 0
2.525999 0
2.526999 0
2.527999 0
2.528999 0
2.529999 0
2.530999 0
2.531999 0
2.532999 0
2.533999 0
2.534999 0
2.535999 0
2.536999 0
2.537998 0
2.538998 0
2.539998 0
2.540998 0
2.541998 0
2.542998 0
2.543998 0
2.544998 0
2.545998 0
2.546998 0
2.547998 0
2.548998 0
2.549998 0
2.550997 0
2.551997 0
2.552997 0
2.553997 0
2.554997 0
2.555997 0
2.556997 0
2.557997 0
2.558997 0
2.559997 0
2.560997 0
2.561997 0
2.562997 0
2.563997 0
2.564996 0
2.565996 0
2.566996 0
2.567996 0
2.568996 0
2.569996 0
2.570996 0
2.571996 0
2.572996 0
2.573996 0
2.574996 0
2.575996 0
2.576996 0
2.577996 0
2.578995 0
2.579995 0
2.580995 0
2.581995 0
2.582995 0
2.583995 0
2.584995 0
2.585995 0
2.586995 0
2.587995 0
2.588995 0
2.589995 0
2.590995 0
2.591995 0
2.592994 0
2.593994 0
2.594994 0
2.595994 0
2.596994 0
2.597994 0
2.598994 0
2.599994 0
2.600994 0
2.601994 0
2.602994 0
2.603994 0
2.604994 0
2.605994 0
2.606993 0
2.607993 0
2.608993 0
2.609993 0
2.610993 0
2.611993 0
2.612993 0
2.613993 0
2.614993 0
2.615993 0
2.616993 0
2.617993 0
2.618993 0
2.619992 0
2.620992 0
2.621992 0
2.622992 0
2.623992 0
2.624992 0
2.625992 0
2.626992 0
2.627992 0
2.628992 0
2.629992 0
2.630992 0
2.631992 0
2.632992 0
2.633991 0
2.634991 0
2.635991 0
2.636991 0
2.637991 0
2.638991 0
2.639991 0
2.640991 0
2.641991 0
2.642991 0
2.643991 0
2.644991 0
2.645991 0
2.646991 0
2.647990 0
2.648990 0
2.649990 0
2.650990 0
2.651990 0
2.652990 0
2.653990 0
2.654990 0
2.655990 0
2.656990 0
2.657990 0
2.658990 0
2.659990 0
2.660990 0
2.661989 0
2.662989 0
2.663989 0
2.664989 0
2.665989 0
2.666989 0
2.667989 0
2.668989 0
2.669989 0
2.670989 0
2.671989 0
2.672989 0
2.673989 0
2.674989 0
2.675988 0
2.676988 0
2.677988 0
2.678988 0
2.679988 0
2.680988 0
2.681988 0
2.682988 0
2.683988 0
2.684988 0
2.685988 0
2.686988 0
2.687988 0
2.688987 0
2.689987 0
2.690987 0
2.691987 0
2.692987 0
2.693987 0
2.694987 0
2.695987 0
2.696987 0
2.697987 0
2.698987 0
2.699987 0
2.700987 0
2.701987 0
2.702986 0
2.703986 0
2.704986 0
2.705986 0
2.706986 0
2.707986 0
2.708986 0
2.709986 0
2.710986 0
2.711986 0
2.712986 0
2.713986 0
2.714986 0
2.715986 0
2.716985 0
2.717985 0
2.718985 0
2.719985 0
2.720985 0
2.721985 0
2.722985 0
2.723985 0
2.724985 0
2.725985 0
2.726985 0
2.727985 0
2.728985 0
2.729985 0
2.730984 0
2.731984 0
2.732984 0
2.733984 0
2.734984 0
2.735984 0
2.736984 0
2.737984 0
2.738984 0
2.739984 0
2.740984 0
2.741984 0
2.742984 0
2.743984 0
2.744983 0
2.745983 0
2.746983 0
2.747983 0
2.748983 0
2.749983 0
2.750983 0
2.751983 0
2.752983 0
2.753983 0
2.754983 0
2.755983 0
2.756983 0
2.757982 0
2.758982 0
2.759982 0
2.760982 0
2.761982 0
2.762982 0
2.763982 0
2.764982 0
2.765982 0
2.766982 0
2.767982 0
2.768982 0
2.769982 0
2.770982 0
2.771981 0
2.772981 0
2.773981 0
2.774981 0
2.775981 0
2.776981 0
2.777981 0
2.778981 0
2.779981 0
2.780981 0
2.781981 0
2.782981 0
2.783981 0
2.784981 0
2.785980 0
2.786980 0
2.787980 0
2.788980 0
2.789980 0
2.790980 0
2.791980 0
2.792980 0
2.793980 0
2.794980 0
2.795980 0
2.796980 0
2.797980 0
2.798980 0
2.799979 0
2.800979 0
2.801979 0
2.802979 0
2.803979 0
2.804979 0
2.805979 0
2.806979 0
2.807979 0
2.808979 0
2.809979 0
2.810979 0
2.811979 0
2.812979 0
2.813978 0
2.814978 0
2.815978 0
2.816978 0
2.817978 0
2.818978 0
2.819978 0
2.820978 0
2.821978 0
2.822978 0
2.823978 0
2.824978 0
2.825978 0
2.826977 0
2.827977 0
2.828977 0
2.829977 0
2.830977 0
2.831977 0
2.832977 0
2.833977 0
2.834977 0
2.835977 0
2.836977 0
2.837977 0
2.838977 0
2.839977 0
2.840976 0
2.841976 0
2.842976 0
2.843976 0
2.844976 0
2.845976 0
2.846976 0
2.847976 0
2.848976 0
2.849976 0
2.850976 0
2.851976 0
2.852976 0
2.853976 0
2.854975 0
2.855975 0
2.856975 0
2.857975 0
2.858975 0
2.859975 0
2.860975 0
2.861975 0
2.862975 0
2.863975 0
2.864975 0
2.865975 0
2.866975 0
2.867975 0
2.868974 0
2.869974 0
2.870974 0
2.871974 0
2.872974 0
2.873974 0
2.874974 0
2.875974 0
2.876974 0
2.877974 0
2.878974 0
2.879974 0
2.880974 0
2.881974 0
2.882973 0
2.883973 0
2.884973 0
2.885973 0
2.886973 0
2.887973 0
2.888973 0
2.889973 0
2.890973 0
2.891973 0
2.892973 0
2.893973 0
2.894973 0
2.895972 0
2.896972 0
2.897972 0
2.898972 0
2.899972 0
2.900972 0
2.901972 0
2.902972 0
2.903972 0
2.904972 0
2.905972 0
2.906972 0
2.907972 0
2.908972 0
2.909971 0
2.910971 0
2.911971 0
2.912971 0
2.913971 0
2.914971 0
2.915971 0
2.916971 0
2.917971 0
2.918971 0
2.919971 0
2.920971 0
2.921971 0
2.922971 0
2.923970 0
2.924970 0
2.925970 0
2.926970 0
2.927970 0
2.928970 0
2.929970 0
2.930970 0
2.931970 0
2.932970 0
2.933970 0
2.934970 0
2.935970 0
2.936970 0
2.937969 0
2.938969 0
2.939969 0
2.940969 0
2.941969 0
2.942969 0
2.943969 0
2.944969 0
2.945969 0
2.946969 0
2.947969 0
2.948969 0
2.949969 0
2.950969 0
2.951968 0
2.952968 0
2.953968 0
2.954968 0
2.955968 0
2.956968 0
2.957968 0
2.958968 0
2.959968 0
2.960968 0
2.961968 0
2.962968 0
2.963968 0
2.964967 0
2.965967 0
2.966967 0
2.967967 0
2.968967 0
2.969967 0
2.970967 0
2.971967 0
2.972967 0
2.973967 0
2.974967 0
2.975967 0
2.976967 0
2.977967 0
2.978966 0
2.979966 0
2.980966 0
2.981966 0
2.982966 0
2.983966 0
2.984966 0
2.985966 0
2.986966 0
2.987966 0
2.988966 0
2.989966 0
2.990966 0
2.991966 0
2.992965 0
2.993965 0
2.994965 0
2.995965 0
2.996965 0
2.997965 0
2.998965 0
2.999965 0
3.000965 0
3.001965 0
3.002965 0
3.003965 0
3.004965 0
3.005965 0
3.006964 0
3.007964 0
3.008964 0
3.009964 0
3.010964 0
3.011964 0
3.012964 0
3.013964 0
3.014964 0
3.015964 0
3.016964 0
3.017964 0
3.018964 0
3.019964 0
3.020963 0
3.021963 0
3.022963 0
3.023963 0
3.024963 0
3.025963 0
3.026963 0
3.027963 0
3.028963 0
3.029963 0
3.030963 0
3.031963 0
3.032963 0
3.033962 0
3.034962 0
3.035962 0
3.036962 0
3.037962 0
3.038962 0
3.039962 0
3.040962 0
3.041962 0
3.042962 0
3.043962 0
3.044962 0
3.045962 0
3.046962 0
3.047961 0
3.048961 0
3.049961 0
3.050961 0
3.051961 0
3.052961 0
3.053961 0
3.054961 0
3.055961 0
3.056961 0
3.057961 0
3.058961 0
3.059961 0
3.060961 0
3.061960 0
3.062960 0
3.063960 0
3.064960 0
3.065960 0
3.066960 0
3.067960 0
3.068960 0
3.069960 0
3.070960 0
3.071960 0
3.072960 0
3.073960 0
3.074960 0
3.075959 0
3.076959 0
3.077959 0
3.078959 0
3.079959 0
3.080959 0
3.081959 0
3.082959 0
3.083959 0
3.084959 0
3.085959 0
3.086959 0
3.087959 0
3.088959 0
3.089958 0
3.090958 0
3.091958 0
3.092958 0
3.093958 0
3.094958 0
3.095958 0
3.096958 0
3.097958 0
3.098958 0
3.099958 0
3.100958 0
3.101958 0
3.102957 0
3.103957 0
3.104957 0
3.105957 0
3.106957 0
3.107957 0
3.108957 0
3.109957 0
3.110957 0
3.111957 0
3.112957 0
3.113957 0
3.114957 0
3.115957 0
3.116956 0
3.117956 0
3.118956 0
3.119956 0
3.120956 0
3.121956 0
3.122956 0
3.123956 0
3.124956 0
3.125956 0
3.126956 0
3.127956 0
3.128956 0
3.129956 0
3.130955 0
3.131955 0
3.132955 0
3.133955 0
3.134955 0
3.135955 0
3.136955 0
3.137955 0
3.138955 0
3.139955 0
3.140955 0
3.141955 0
3.142955 0
3.143955 0
3.144954 0
3.145954 0
3.146954 0
3.147954 0
3.148954 0
3.149954 0
3.150954 0
3.151954 0
3.152954 0
3.153954 0
3.154954 0
3.155954 0
3.156954 0
3.157954 0
3.158953 0
3.159953 0
3.160953 0
3.161953 0
3.162953 0
3.163953 0
3.164953 0
3.165953 0
3.166953 0
3.167953 0
3.168953 0
3.169953 0
3.170953 0
3.171952 0
3.172952 0
3.173952 0
3.174952 0
3.175952 0
3.176952 0
3.177952 0
3.178952 0
3.179952 0
3.180952 0
3.181952 0
3.182952 0
3.183952 0
3.184952 0
3.185951 0
3.186951 0
3.187951 0
3.188951 0
3.189951 0
3.190951 0
3.191951 0
3.192951 0
3.193951 0
3.194951 0
3.195951 0
3.196951 0
3.197951 0
3.198951 0
3.199950 0
3.200950 0
3.201950 0
3.202950 0
3.203950 0
3.204950 0
3.205950 0
3.206950 0
3.207950 0
3.208950 0
3.209950 0
3.210950 0
3.211950 0
3.212950 0
3.213949 0
3.214949 0
3.215949 0
3.216949 0
3.217949 0
3.218949 0
3.219949 0
3.220949 0
3.221949 0
3.222949 0
3.223949 0
3.224949 0
3.225949 0
3.226948 0
3.227948 0
3.228948 0
3.229948 0
3.230948 0
3.231948 0
3.232948 0
3.233948 0
3.234948 0
3.235948 0
3.236948 0
3.237948 0
3.238948 0
3.239948 0
3.240947 0
3.241947 0
3.242947 0
3.243947 0
3.244947 0
3.245947 0
3.246947 0
3.247947 0
3.248947 0
3.249947 0
3.250947 0
3.251947 0
3.252947 0
3.253947 0
3.254946 0
3.255946 0
3.256946 0
3.257946 0
3.258946 0
3.259946 0
3.260946 0
3.261946 0
3.262946 0
3.263946 0
3.264946 0
3.265946 0
3.266946 0
3.267946 0
3.268945 0
3.269945 0
3.270945 0
3.271945 0
3.272945 0
3.273945 0
3.274945 0
3.275945 0
3.276945 0
3.277945 0
3.278945 0
3.279945 0
3.280945 0
3.281945 0
3.282944 0
3.283944 0
3.284944 0
3.285944 0
3.286944 0
3.287944 0
3.288944 0
3.289944 0
3.290944 0
3.291944 0
3.292944 0
3.293944 0
3.294944 0
3.295943 0
3.296943 0
3.297943 0
3.298943 0
3.299943 0
3.300943 0
3.301943 0
3.302943 0
3.303943 0
3.304943 0
3.305943 0
3.306943 0
3.307943 0
3.308943 0
3.309942 0
3.310942 0
3.311942 0
3.312942 0
3.313942 0
3.314942 0
3.315942 0
3.316942 0
3.317942 0
3.318942 0
3.319942 0
3.320942 0
3.321942 0
3.322942 0
3.323941 0
3.324941 0
3.325941 0
3.326941 0
3.327941 0
3.328941 0
3.329941 0
3.330941 0
3.331941 0
3.332941 0
3.333941 0
3.334941 0
3.335941 0
3.336941 0
3.337940 0
3.338940 0
3.339940 0
3.340940 0
3.341940 0
3.342940 0
3.343940 0
3.344940 0
3.345940 0
3.346940 0
3.347940 0
3.348940 0
3.349940 0
3.350940 0
3.351939 0
3.352939 0
3.353939 0
3.354939 0
3.355939 0
3.356939 0
3.357939 0
3.358939 0
3.359939 0
3.360939 0
3.361939 0
3.362939 0
3.363939 0
3.364938 0
3.365938 0
3.366938 0
3.367938 0
3.368938 0
3.369938 0
3.370938 0
3.371938 0
3.372938 0
3.373938 0
3.374938 0
3.375938 0
3.376938 0
3.377938 0
3.378937 0
3.379937 0
3.380937 0
3.381937 0
3.382937 0
3.383937 0
3.384937 0
3.385937 0
3.386937 0
3.387937 0
3.388937 0
3.389937 0
3.390937 0
3.391937 0
3.392936 0
3.393936 0
3.394936 0
3.395936 0
3.396936 0
3.397936 0
3.398936 0
3.399936 0
3.400936 0
3.401936 0
3.402936 0
3.403936 0
3.404936 0
3.405936 0
3.406935 0
3.407935 0
3.408935 0
3.409935 0
3.410935 0
3.411935 0
3.412935 0
3.413935 0
3.414935 0
3.415935 0
3.416935 0
3.417935 0
3.418935 0
3.419935 0
3.420934 0
3.421934 0
3.422934 0
3.423934 0
3.424934 0
3.425934 0
3.426934 0
3.427934 0
3.428934 0
3.429934 0
3.430934 0
3.431934 0
3.432934 0
3.433933 0
3.434933 0
3.435933 0
3.436933 0
3.437933 0
3.438933 0
3.439933 0
3.440933 0
3.441933 0
3.442933 0
3.443933 0
3.444933 0
3.445933 0
3.446933 0
3.447932 0
3.448932 0
3.449932 0
3.450932 0
3.451932 0
3.452932 0
3.453932 0
3.454932 0
3.455932 0
3.456932 0
3.457932 0
3.458932 0
3.459932 0
3.460932 0
3.461931 0
3.462931 0
3.463931 0
3.464931 0
3.465931 0
3.466931 0
3.467931 0
3.468931 0
3.469931 0
3.470931 0
3.471931 0
3.472931 0
3.473931 0
3.474931 0
3.475930 0
3.476930 0
3.477930 0
3.478930 0
3.479930 0
3.480930 0
3.481930 0
3.482930 0
3.483930 0
3.484930 0
3.485930 0
3.486930 0
3.487930 0
3.488930 0
3.489929 0
3.490929 0
3.491929 0
3.492929 0
3.493929 0
3.494929 0
3.495929 0
3.496929 0
3.497929 0
3.498929 0
3.499929 0
3.500929 0
3.501929 0
3.502928 0
3.503928 0
3.504928 0
3.505928 0
3.506928 0
3.507928 0
3.508928 0
3.509928 0
3.510928 0
3.511928 0
3.512928 0
3.513928 0
3.514928 0
3.515928 0
3.516927 0
3.517927 0
3.518927 0
3.519927 0
3.520927 0
3.521927 0
3.522927 0
3.523927 0
3.524927 0
3.525927 0
3.526927 0
3.527927 0
3.528927 0
3.529927 0
3.530926 0
3.531926 0
3.532926 0
3.533926 0
3.534926 0
3.535926 0
3.536926 0
3.537926 0
3.538926 0
3.539926 0
3.540926 0
3.541926 0
3.542926 0
3.543926 0
3.544925 0
3.545925 0
3.546925 0
3.547925 0
3.548925 0
3.549925 0
3.550925 0
3.551925 0
3.552925 0
3.553925 0
3.554925 0
3.555925 0
3.556925 0
3.557925 0
3.558924 0
3.559924 0
3.560924 0
3.561924 0
3.562924 0
3.563924 0
3.564924 0
3.565924 0
3.566924 0
3.567924 0
3.568924 0
3.569924 0
3.570924 0
3.571923 0
3.572923 0
3.573923 0
3.574923 0
3.575923 0
3.576923 0
3.577923 0
3.578923 0
3.579923 0
3.580923 0
3.581923 0
3.582923 0
3.583923 0
3.584923 0
3.585922 0
3.586922 0
3.587922 0
3.588922 0
3.589922 0
3.590922 0
3.591922 0
3.592922 0
3.593922 0
3.594922 0
3.595922 0
3.596922 0
3.597922 0
3.598922 0
3.599921 0
3.600921 0
3.601921 0
3.602921 0
3.603921 0
3.604921 0
3.605921 0
3.606921 0
3.607921 0
3.608921 0
3.609921 0
3.610921 0
3.611921 0
3.612921 0
3.613920 0
3.614920 0
3.615920 0
3.616920 0
3.617920 0
3.618920 0
3.619920 0
3.620920 0
3.621920 0
3.622920 0
3.623920 0
3.624920 0
3.625920 0
3.626920 0
3.627919 0
3.628919 0
3.629919 0
3.630919 0
3.631919 0
3.632919 0
3.633919 0
3.634919 0
3.635919 0
3.636919 0
3.637919 0
3.638919 0
3.639919 0
3.640918 0
3.641918 0
3.642918 0
3.643918 0
3.644918 0
3.645918 0
3.646918 0
3.647918 0
3.648918 0
3.649918 0
3.650918 0
3.651918 0
3.652918 0
3.653918 0
3.654917 0
3.655917 0
3.656917 0
3.657917 0
3.658917 0
3.659917 0
3.660917 0
3.661917 0
3.662917 0
3.663917 0
3.664917 0
3.665917 0
3.666917 0
3.667917 0
3.668916 0
3.669916 0
3.670916 0
3.671916 0
3.672916 0
3.673916 0
3.674916 0
3.675916 0
3.676916 0
3.677916 0
3.678916 0
3.679916 0
3.680916 0
3.681916 0
3.682915 0
3.683915 0
3.684915 0
3.685915 0
3.686915 0
3.687915 0
3.688915 0
3.689915 0
3.690915 0
3.691915 0
3.692915 0
3.693915 0
3.694915 0
3.695915 0
3.696914 0
3.697914 0
3.698914 0
3.699914 0
3.700914 0
3.701914 0
3.702914 0
3.703914 0
3.704914 0
3.705914 0
3.706914 0
3.707914 0
3.708914 0
3.709913 0
3.710913 0
3.711913 0
3.712913 0
3.713913 0
3.714913 0
3.715913 0
3.716913 0
3.717913 0
3.718913 0
3.719913 0
3.720913 0
3.721913 0
3.722913 0
3.723912 0
3.724912 0
3.725912 0
3.726912 0
3.727912 0
3.728912 0
3.729912 0
3.730912 0
3.731912 0
3.732912 0
3.733912 0
3.734912 0
3.735912 0
3.736912 0
3.737911 0
3.738911 0
3.739911 0
3.740911 0
3.741911 0
3.742911 0
3.743911 0
3.744911 0
3.745911 0
3.746911 0
3.747911 0
3.748911 0
3.749911 0
3.750911 0
3.751910 0
3.752910 0
3.753910 0
3.754910 0
3.755910 0
3.756910 0
3.757910 0
3.758910 0
3.759910 0
3.760910 0
3.761910 0
3.762910 0
3.763910 0
3.764910 0
3.765909 0
3.766909 0
3.767909 0
3.768909 0
3.769909 0
3.770909 0
3.771909 0
3.772909 0
3.773909 0
3.774909 0
3.775909 0
3.776909 0
3.777909 0
3.778908 0
3.779908 0
3.780908 0
3.781908 0
3.782908 0
3.783908 0
3.784908 0
3.785908 0
3.786908 0
3.787908 0
3.788908 0
3.789908 0
3.790908 0
3.791908 0
3.792907 0
3.793907 0
3.794907 0
3.795907 0
3.796907 0
3.797907 0
3.798907 0
3.799907 0
3.800907 0
3.801907 0
3.802907 0
3.803907 0
3.804907 0
3.805907 0
3.806906 0
3.807906 0
3.808906 0
3.809906 0
3.810906 0
3.811906 0
3.812906 0
3.813906 0
3.814906 0
3.815906 0
3.816906 0
3.817906 0
3.818906 0
3.819906 0
3.820905 0
3.821905 0
3.822905 0
3.823905 0
3.824905 0
3.825905 0
3.826905 0
3.827905 0
3.828905 0
3.829905 0
3.830905 0
3.831905 0
3.832905 0
3.833905 0
3.834904 0
3.835904 0
3.836904 0
3.837904 0
3.838904 0
3.839904 0
3.840904 0
3.841904 0
3.842904 0
3.843904 0
3.844904 0
3.845904 0
3.846904 0
3.847903 0
3.848903 0
3.849903 0
3.850903 0
3.851903 0
3.852903 0
3.853903 0
3.854903 0
3.855903 0
3.856903 0
3.857903 0
3.858903 0
3.859903 0
3.860903 0
3.861902 0
3.862902 0
3.863902 0
3.864902 0
3.865902 0
3.866902 0
3.867902 0
3.868902 0
3.869902 0
3.870902 0
3.871902 0
3.872902 0
3.873902 0
3.874902 0
3.875901 0
3.876901 0
3.877901 0
3.878901 0
3.879901 0
3.880901 0
3.881901 0
3.882901 0
3.883901 0
3.884901 0
3.885901 0
3.886901 0
3.887901 0
3.888901 0
3.889900 0
3.890900 0
3.891900 0
3.892900 0
3.893900 0
3.894900 0
3.895900 0
3.896900 0
3.897900 0
3.898900 0
3.899900 0
3.900900 0
3.901900 0
3.902900 0
3.903899 0
3.904899 0
3.905899 0
3.906899 0
3.907899 0
3.908899 0
3.909899 0
3.910899 0
3.911899 0
3.912899 0
3.913899 0
3.914899 0
3.915899 0
3.916898 0
3.917898 0
3.918898 0
3.919898 0
3.920898 0
3.921898 0
3.922898 0
3.923898 0
3.924898 0
3.925898 0
3.926898 0
3.927898 0
3.928898 0
3.929898 0
3.930897 0
3.931897 0
3.932897 0
3.933897 0
3.934897 0
3.935897 0
3.936897 0
3.937897 0
3.938897 0
3.939897 0
3.940897 0
3.941897 0
3.942897 0
3.943897 0
3.944896 0
3.945896 0
3.946896 0
3.947896 0
3.948896 0
3.949896 0
3.950896 0
3.951896 0
3.952896 0
3.953896 0
3.954896 0
3.955896 0
3.956896 0
3.957896 0
3.958895 0
3.959895 0
3.960895 0
3.961895 0
3.962895 0
3.963895 0
3.964895 0
3.965895 0
3.966895 0
3.967895 0
3.968895 0
3.969895 0
3.970895 0
3.971895 0
3.972894 0
3.973894 0
3.974894 0
3.975894 0
3.976894 0
3.977894 0
3.978894 0
3.979894 0
3.980894 0
3.981894 0
3.982894 0
3.983894 0
3.984894 0
3.985893 0
3.986893 0
3.987893 0
3.988893 0
3.989893 0
3.990893 0
3.991893 0
3.992893 0
3.993893 0
3.994893 0
3.995893 0
3.996893 0
3.997893 0
3.998893 0
