0.000000 -1
0.001000 0
0.002000 0
0.003000 0
0.004000 0
0.005000 0
0.006000 0
0.007000 80
0.008000 165
0.009000 193
0.010000 181
0.011000 174
0.012000 197
0.013000 212
0.014000 215
0.015000 207
0.016000 184
0.017000 191
0.018000 196
0.019000 186
0.020000 185
0.021000 180
0.022000 170
0.023000 175
0.024000 170
0.025000 171
0.026000 170
0.027000 164
0.028000 163
0.029000 158
0.030000 171
0.031000 160
0.032000 154
0.033000 166
0.034000 155
0.035000 138
0.036000 152
0.037000 157
0.038000 169
0.039000 154
0.040000 129
0.041000 147
0.042000 153
0.043000 130
0.044000 152
0.045000 145
0.046000 148
0.047000 145
0.048000 135
0.049000 152
0.050000 143
0.051000 124
0.052000 147
0.053000 131
0.054000 149
0.055000 142
0.056000 147
0.057000 132
0.058000 117
0.059000 136
0.060000 114
0.061000 126
0.062000 125
0.063000 136
0.064000 123
0.065000 127
0.066000 114
0.067000 122
0.068000 129
0.069000 117
0.070000 130
0.071000 102
0.072000 123
0.073000 110
0.074000 123
0.075000 105
0.076000 127
0.077000 108
0.078000 124
0.079000 112
0.080000 113
0.081000 103
0.082000 116
0.083000 107
0.084000 119
0.085000 101
0.086000 113
0.087000 97
0.088000 115
0.089000 98
0.090000 108
0.091000 112
0.092000 103
0.093000 107
0.094000 93
0.095000 103
0.096000 95
0.097000 106
0.098000 111
0.099000 103
0.100000 108
0.101000 103
0.102000 117
0.103000 92
0.104000 105
0.105000 86
0.106000 104
0.107000 99
0.108000 78
0.109000 102
0.110000 94
0.111000 102
0.112000 94
0.113000 103
0.114000 92
0.115000 86
0.116000 90
0.117000 102
0.118000 76
0.119000 91
0.120000 102
0.121000 99
0.122000 91
0.123000 72
0.124000 90
0.125000 95
0.126000 81
0.127000 93
0.128000 80
0.129000 90
0.130000 85
0.131000 67
0.132000 94
0.133000 86
0.134000 87
0.135000 82
0.136000 78
0.137000 72
0.138000 84
0.139000 93
0.140000 76
0.141000 83
0.142000 89
0.143000 67
0.144000 82
0.145000 79
0.146000 63
0.147000 82
0.148000 85
0.149000 65
0.150000 80
0.151000 74
0.152000 77
0.153000 68
0.154000 84
0.155000 66
0.156000 69
0.157000 77
0.158000 78
0.159000 68
0.160000 77
0.161000 69
0.162000 58
0.163000 68
0.164000 64
0.165000 71
0.166000 55
0.167000 75
0.168000 66
0.169000 56
0.170000 63
0.171000 63
0.172000 64
0.173000 48
0.174000 66
0.175000 60
0.176000 66
0.177000 59
0.178000 66
0.179000 55
0.180000 60
0.181000 75
0.182000 56
0.183000 61
0.184000 64
0.185000 64
0.186000 69
0.187000 64
0.188000 56
0.189000 59
0.190000 63
0.191000 67
0.192000 59
0.193000 71
0.194000 67
0.195000 57
0.196000 68
0.197000 59
0.198000 62
0.199000 62
0.200000 54
0.201000 86
0.202000 57
0.203000 58
0.204000 46
0.205000 40
0.206000 50
0.207000 61
0.208000 51
0.209000 45
0.210000 61
0.211000 54
0.212000 51
0.213000 46
0.214000 37
0.215000 60
0.216000 56
0.217000 52
0.218000 41
0.219000 47
0.220000 51
0.221000 47
0.222000 46
0.223000 40
0.224000 50
0.225000 47
0.226000 53
0.227000 45
0.228000 43
0.229000 51
0.230000 47
0.231000 49
0.232000 46
0.233000 49
0.234000 37
0.235000 52
0.236000 47
0.237000 54
0.238000 42
0.239000 34
0.240000 50
0.241000 41
0.242000 44
0.243000 40
0.244000 47
0.245000 45
0.246000 51
0.247000 45
0.248000 45
0.249000 51
0.250000 35
0.251000 47
0.252000 46
0.253000 40
0.254000 39
0.255000 38
0.256000 27
0.257000 46
0.258000 44
0.259000 40
0.260000 40
0.261000 35
0.262000 28
0.263000 39
0.264000 45
0.265000 37
0.266000 42
0.267000 36
0.268000 30
0.269000 38
0.270000 33
0.271000 38
0.272000 35
0.273000 34
0.274000 34
0.275000 25
0.276000 33
0.277000 41
0.278000 36
0.279000 33
0.280000 31
0.281000 33
0.282000 24
0.283000 35
0.284000 30
0.285000 33
0.286000 27
0.287000 30
0.288000 37
0.289000 34
0.290000 26
0.291000 28
0.292000 35
0.293000 30
0.294000 33
0.295000 35
0.296000 25
0.297000 20
0.298000 33
0.299000 30
0.300000 29
0.301000 30
0.302000 35
0.303000 27
0.304000 26
0.305000 22
0.306000 32
0.307000 30
0.308000 35
0.309000 32
0.310000 22
0.311000 24
0.312000 32
0.313000 27
0.314000 21
0.314999 32
0.315999 31
0.316999 30
0.317999 31
0.318999 29
0.319999 31
0.320999 28
0.321999 21
0.322999 29
0.323999 25
0.324999 26
0.325999 29
0.326999 31
0.327999 25
0.328999 22
0.329999 26
0.330999 18
0.331999 20
0.332999 26
0.333999 33
0.334999 27
0.335999 22
0.336999 23
0.337999 25
0.338999 22
0.339999 24
0.340999 17
0.341999 17
0.342999 18
0.343999 20
0.344999 24
0.345999 19
0.346999 21
0.347999 19
0.348999 23
0.349999 22
0.350999 20
0.351999 21
0.352999 17
0.353999 30
0.354999 25
0.355999 23
0.356999 24
0.357999 21
0.358999 17
0.359999 26
0.360999 21
0.361999 19
0.362999 18
0.363999 25
0.364999 19
0.365999 22
0.366999 20
0.367999 25
0.368999 30
0.369999 21
0.370999 25
0.371999 24
0.372999 20
0.373999 16
0.374999 15
0.375999 22
0.376999 21
0.377999 21
0.378999 19
0.379999 18
0.380999 21
0.381999 20
0.382999 21
0.383999 18
0.384999 21
0.385999 16
0.386999 15
0.387999 19
0.388999 19
0.389999 19
0.390999 18
0.391998 22
0.392998 20
0.393998 16
0.394998 17
0.395998 19
0.396998 15
0.397998 13
0.398998 14
0.399998 11
0.400998 13
0.401998 20
0.402998 20
0.403998 18
0.404998 16
0.405998 16
0.406998 17
0.407998 17
0.408998 12
0.409998 14
0.410998 12
0.411998 12
0.412998 15
0.413998 15
0.414998 13
0.415998 9
0.416998 10
0.417998 21
0.418998 15
0.419998 18
0.420998 12
0.421998 15
0.422998 10
0.423998 10
0.424998 10
0.425998 12
0.426998 13
0.427998 12
0.428998 12
0.429998 10
0.430998 10
0.431998 10
0.432998 11
0.433998 10
0.434998 10
0.435998 8
0.436998 8
0.437998 9
0.438998 17
0.439998 17
0.440998 16
0.441998 12
0.442998 14
0.443998 16
0.444998 18
0.445998 23
0.446998 22
0.447998 14
0.448998 12
0.449998 15
0.450998 14
0.451998 8
0.452998 8
0.453998 10
0.454998 11
0.455998 15
0.456998 11
0.457998 11
0.458998 10
0.459998 9
0.460998 7
0.461998 7
0.462998 8
0.463998 8
0.464998 8
0.465998 11
0.466998 14
0.467998 17
0.468998 13
0.469997 11
0.470997 11
0.471997 8
0.472997 8
0.473997 7
0.474997 7
0.475997 7
0.476997 7
0.477997 10
0.478997 13
0.479997 15
0.480997 13
0.481997 13
0.482997 13
0.483997 11
0.484997 10
0.485997 11
0.486997 11
0.487997 12
0.488997 16
0.489997 11
0.490997 11
0.491997 12
0.492997 12
0.493997 10
0.494997 10
0.495997 10
0.496997 10
0.497997 10
0.498997 10
0.499997 9
0.500997 9
0.501997 10
0.502997 8
0.503997 6
0.504997 6
0.505997 7
0.506997 7
0.507997 6
0.508997 6
0.509997 6
0.510997 7
0.511997 7
0.512997 7
0.513997 7
0.514997 7
0.515997 7
0.516997 7
0.517997 7
0.518997 9
0.519997 11
0.520997 13
0.521997 12
0.522997 12
0.523997 13
0.524997 8
0.525997 8
0.526997 7
0.527997 7
0.528997 10
0.529997 9
0.530997 7
0.531997 7
0.532997 6
0.533997 4
0.534997 4
0.535997 4
0.536997 5
0.537997 5
0.538997 5
0.539997 5
0.540997 5
0.541997 6
0.542997 6
0.543997 6
0.544997 7
0.545997 10
0.546997 11
0.547997 11
0.548997 10
0.549996 9
0.550996 9
0.551996 7
0.552996 5
0.553996 4
0.554996 4
0.555996 4
0.556996 4
0.557996 3
0.558996 3
0.559996 3
0.560996 3
0.561996 5
0.562996 5
0.563996 6
0.564996 6
0.565996 7
0.566996 7
0.567996 9
0.568996 9
0.569996 7
0.570996 7
0.571996 6
0.572996 5
0.573996 5
0.574996 8
0.575996 8
0.576996 9
0.577996 8
0.578996 7
0.579996 7
0.580996 6
0.581996 5
0.582996 5
0.583996 5
0.584996 4
0.585996 3
0.586996 3
0.587996 0
0.588996 0
0.589996 0
0.590996 0
0.591996 2
0.592996 2
0.593996 6
0.594996 6
0.595996 8
0.596996 8
0.597996 9
0.598996 7
0.599996 5
0.600996 5
0.601996 5
0.602996 5
0.603996 4
0.604996 3
0.605996 0
0.606996 0
0.607996 0
0.608996 2
0.609996 10
0.610996 10
0.611996 11
0.612996 12
0.613996 9
0.614996 9
0.615996 8
0.616996 8
0.617996 8
0.618996 8
0.619996 5
0.620996 4
0.621996 0
0.622996 0
0.623996 0
0.624996 0
0.625996 0
0.626996 0
0.627995 0
0.628995 0
0.629995 0
0.630995 0
0.631995 1
0.632995 1
0.633995 9
0.634995 10
0.635995 10
0.636995 6
0.637995 0
0.638995 0
0.639995 0
0.640995 0
0.641995 0
0.642995 0
0.643995 0
0.644995 0
0.645995 1
0.646995 13
0.647995 11
0.648995 10
0.649995 8
0.650995 6
0.651995 6
0.652995 6
0.653995 4
0.654995 4
0.655995 0
0.656995 0
0.657995 0
0.658995 0
0.659995 0
0.660995 0
0.661995 0
0.662995 1
0.663995 12
0.664995 12
0.665995 11
0.666995 8
0.667995 6
0.668995 6
0.669995 6
0.670995 5
0.671995 3
0.672995 0
0.673995 0
0.674995 0
0.675995 0
0.676995 -2
0.677995 -2
0.678995 -2
0.679995 -2
0.680995 3
0.681995 3
0.682995 11
0.683995 14
0.684995 14
0.685995 8
0.686995 8
0.687995 7
0.688995 5
0.689995 0
0.690995 0
0.691995 0
0.692995 0
0.693995 0
0.694995 0
0.695995 0
0.696995 0
0.697995 0
0.698995 0
0.699995 0
0.700995 0
0.701995 0
0.702995 0
0.703995 0
0.704994 0
0.705994 0
0.706994 0
0.707994 0
0.708994 1
0.709994 1
0.710994 1
0.711994 6
0.712994 6
0.713994 7
0.714994 7
0.715994 6
0.716994 4
0.717994 4
0.718994 4
0.719994 4
0.720994 4
0.721994 3
0.722994 3
0.723994 2
0.724994 0
0.725994 0
0.726994 0
0.727994 0
0.728994 0
0.729994 0
0.730994 1
0.731994 1
0.732994 5
0.733994 5
0.734994 5
0.735994 6
0.736994 6
0.737994 5
0.738994 4
0.739994 3
0.740994 0
0.741994 0
0.742994 0
0.743994 0
0.744994 0
0.745994 0
0.746994 0
0.747994 1
0.748994 1
0.749994 8
0.750994 11
0.751994 9
0.752994 6
0.753994 5
0.754994 5
0.755994 5
0.756994 4
0.757994 3
0.758994 0
0.759994 0
0.760994 0
0.761994 0
0.762994 0
0.763994 0
0.764994 0
0.765994 0
0.766994 0
0.767994 0
0.768994 -1
0.769994 -1
0.770994 -1
0.771994 -1
0.772994 -1
0.773994 -1
0.774994 2
0.775994 2
0.776994 9
0.777994 7
0.778994 5
0.779994 0
0.780994 3
0.781994 3
0.782993 3
0.783993 3
0.784993 3
0.785993 3
0.786993 2
0.787993 2
0.788993 2
0.789993 0
0.790993 0
0.791993 0
0.792993 0
0.793993 0
0.794993 0
0.795993 0
0.796993 0
0.797993 0
0.798993 0
0.799993 0
0.800993 0
0.801993 1
0.802993 13
0.803993 13
0.804993 9
0.805993 6
0.806993 6
0.807993 6
0.808993 4
0.809993 3
0.810993 0
0.811993 -2
0.812993 -2
0.813993 -7
0.814993 -7
0.815993 -7
0.816993 -5
0.817993 -4
0.818993 0
0.819993 0
0.820993 2
0.821993 2
0.822993 2
0.823993 6
0.824993 6
0.825993 5
0.826993 4
0.827993 3
0.828993 -3
0.829993 -3
0.830993 -3
0.831993 -5
0.832993 -5
0.833993 -5
0.834993 -5
0.835993 4
0.836993 14
0.837993 12
0.838993 11
0.839993 0
0.840993 0
0.841993 0
0.842993 0
0.843993 0
0.844993 -2
0.845993 -2
0.846993 -2
0.847993 -2
0.848993 -2
0.849993 -2
0.850993 -2
0.851993 -2
0.852993 2
0.853993 14
0.854993 14
0.855993 10
0.856993 0
0.857993 0
0.858993 0
0.859993 0
0.860992 0
0.861992 0
0.862992 0
0.863992 0
0.864992 0
0.865992 0
0.866992 0
0.867992 0
0.868992 0
0.869992 0
0.870992 1
0.871992 9
0.872992 9
0.873992 9
0.874992 9
0.875992 5
0.876992 0
0.877992 0
0.878992 0
0.879992 0
0.880992 0
0.881992 -2
0.882992 -2
0.883992 -2
0.884992 -2
0.885992 -2
0.886992 -2
0.887992 -2
0.888992 2
0.889992 9
0.890992 9
0.891992 7
0.892992 5
0.893992 0
0.894992 0
0.895992 0
0.896992 0
0.897992 0
0.898992 0
0.899992 0
0.900992 0
0.901992 0
0.902992 0
0.903992 0
0.904992 0
0.905992 1
0.906992 1
0.907992 8
0.908992 8
0.909992 6
0.910992 5
0.911992 0
0.912992 0
0.913992 0
0.914992 -2
0.915992 -2
0.916992 -7
0.917992 -7
0.918992 -6
0.919992 -4
0.920992 0
0.921992 0
0.922992 0
0.923992 2
0.924992 14
0.925992 12
0.926992 9
0.927992 0
0.928992 0
0.929992 0
0.930992 0
0.931992 0
0.932992 0
0.933992 -2
0.934992 -2
0.935992 -9
0.936992 -8
0.937991 -8
0.938991 -7
0.939991 -5
0.940991 0
0.941991 3
0.942991 15
0.943991 15
0.944991 9
0.945991 0
0.946991 0
0.947991 0
0.948991 0
0.949991 0
0.950991 0
0.951991 -2
0.952991 -2
0.953991 -6
0.954991 -6
0.955991 -6
0.956991 -4
0.957991 -3
0.958991 3
0.959991 14
0.960991 15
0.961991 8
0.962991 0
0.963991 0
0.964991 0
0.965991 0
0.966991 0
0.967991 0
0.968991 0
0.969991 0
0.970991 -1
0.971991 -1
0.972991 -1
0.973991 -1
0.974991 -1
0.975991 -1
0.976991 -1
0.977991 -1
0.978991 -1
0.979991 -1
0.980991 -1
0.981991 -1
0.982991 -1
0.983991 -1
0.984991 -1
0.985991 1
0.986991 1
0.987991 1
0.988991 1
0.989991 1
0.990991 1
0.991991 1
0.992991 1
0.993991 1
0.994991 1
0.995991 1
0.996991 1
0.997991 -1
0.998991 -1
0.999991 -1
1.000991 -1
1.001991 -1
1.002991 -1
1.003991 2
1.004991 2
1.005991 2
1.006991 2
1.007991 2
1.008991 2
1.009991 2
1.010991 2
1.011991 2
1.012991 2
1.013991 1
1.014991 -1
1.015991 -10
1.016991 -10
1.017992 -10
1.018992 -8
1.019992 -5
1.020992 0
1.021992 4
1.022992 12
1.023992 8
1.024992 6
1.025992 6
1.026992 6
1.027992 4
1.028992 -4
1.029992 -16
1.030992 -14
1.031992 -8
1.032992 0
1.033992 0
1.034992 0
1.035992 3
1.036992 11
1.037992 10
1.038993 7
1.039993 0
1.040993 0
1.041993 0
1.042993 0
1.043993 0
1.044993 0
1.045993 -2
1.046993 -9
1.047993 -9
1.048993 -6
1.049993 0
1.050993 0
1.051993 3
1.052993 3
1.053993 10
1.054993 9
1.055993 8
1.056993 8
1.057993 5
1.058993 0
1.059994 -3
1.060994 -11
1.061994 -10
1.062994 -6
1.063994 -6
1.064994 -6
1.065994 -5
1.066994 -4
1.067994 4
1.068994 13
1.069994 8
1.070994 7
1.071994 7
1.072994 6
1.073994 4
1.074994 -3
1.075994 -12
1.076994 -12
1.077994 -12
1.078994 -8
1.079994 0
1.080994 0
1.081995 0
1.082995 0
1.083995 2
1.084995 2
1.085995 5
1.086995 5
1.087995 5
1.088995 5
1.089995 4
1.090995 3
1.091995 2
1.092995 0
1.093995 0
1.094995 0
1.095995 0
1.096995 0
1.097995 -1
1.098995 -1
1.099995 -1
1.100995 -1
1.101995 -1
1.102996 -1
1.103996 -1
1.104996 -1
1.105996 -1
1.106996 -1
1.107996 1
1.108996 1
1.109996 1
1.110996 4
1.111996 4
1.112996 4
1.113996 4
1.114996 4
1.115996 3
1.116996 2
1.117996 -2
1.118996 -2
1.119996 -2
1.120996 -2
1.121996 -4
1.122996 -4
1.123996 -4
1.124997 -4
1.125997 -3
1.126997 -3
1.127997 -2
1.128997 2
1.129997 2
1.130997 2
1.131997 2
1.132997 2
1.133997 2
1.134997 2
1.135997 2
1.136997 2
1.137997 2
1.138997 1
1.139997 1
1.140997 1
1.141997 -1
1.142997 -1
1.143997 -1
1.144997 -1
1.145998 -1
1.146998 -1
1.147998 -1
1.148998 -1
1.149998 -1
1.150998 -1
1.151998 -1
1.152998 1
1.153998 1
1.154998 1
1.155998 1
1.156998 1
1.157998 1
1.158998 1
1.159998 1
1.160998 1
1.161998 1
1.162998 1
1.163998 1
1.164998 1
1.165998 1
1.166999 -1
1.167999 -1
1.168999 -1
1.169999 -1
1.170999 -1
1.171999 -1
1.172999 -1
1.173999 -1
1.174999 -1
1.175999 -1
1.176999 -1
1.177999 1
1.178999 1
1.179999 1
1.180999 1
1.181999 1
1.182999 1
1.183999 1
1.184999 1
1.185999 1
1.186999 1
1.187999 -2
1.189000 -2
1.190000 -2
1.191000 -2
1.192000 -2
1.193000 -2
1.194000 -2
1.195000 2
1.196000 2
1.197000 2
1.198000 2
1.199000 2
1.200000 2
1.201000 2
1.202000 2
1.203000 2
1.204000 1
1.205000 -1
1.206000 -1
1.207000 -1
1.208000 -1
1.209000 -1
1.210001 -1
1.211001 -1
1.212001 -1
1.213001 -1
1.214001 -1
1.215001 -1
1.216001 -1
1.217001 -1
1.218001 -1
1.219001 -1
1.220001 -1
1.221001 -1
1.222001 -1
1.223001 -1
1.224001 1
1.225001 1
1.226001 1
1.227001 1
1.228001 1
1.229001 1
1.230001 1
1.231001 1
1.232002 1
1.233002 1
1.234002 1
1.235002 1
1.236002 1
1.237002 1
1.238002 1
1.239002 1
1.240002 1
1.241002 1
1.242002 1
1.243002 1
1.244002 1
1.245002 1
1.246002 1
1.247002 1
1.248002 1
1.249002 1
1.250002 1
1.251002 1
1.252002 1
1.253003 0
1.254003 0
1.255003 0
1.256003 0
1.257003 0
1.258003 0
1.259003 0
1.260003 0
1.261003 0
1.262003 0
1.263003 0
1.264003 0
1.265003 0
1.266003 0
1.267003 0
1.268003 0
1.269003 0
1.270003 0
1.271003 0
1.272003 0
1.273003 0
1.274004 0
1.275004 0
1.276004 0
1.277004 0
1.278004 0
1.279004 0
1.280004 0
1.281004 0
1.282004 0
1.283004 0
1.284004 0
1.285004 0
1.286004 0
1.287004 0
1.288004 0
1.289004 0
1.290004 0
1.291004 0
1.292004 0
1.293004 0
1.294004 0
1.295004 0
1.296005 0
1.297005 0
1.298005 0
1.299005 0
1.300005 0
1.301005 0
1.302005 0
1.303005 0
1.304005 0
1.305005 0
1.306005 0
1.307005 0
1.308005 0
1.309005 0
1.310005 0
1.311005 0
1.312005 0
1.313005 0
1.314005 0
1.315005 0
1.316005 0
1.317006 0
1.318006 0
1.319006 0
1.320006 0
1.321006 0
1.322006 0
1.323006 0
1.324006 0
1.325006 0
1.326006 -1
1.327006 -1
1.328006 -1
1.329006 -1
1.330006 -1
1.331006 -1
1.332006 -1
1.333006 -1
1.334006 -1
1.335006 2
1.336006 2
1.337006 6
1.338006 6
1.339007 6
1.340007 4
1.341007 3
1.342007 0
1.343007 -3
1.344007 -3
1.345007 -8
1.346007 -8
1.347007 -5
1.348007 0
1.349007 0
1.350007 0
1.351007 0
1.352007 0
1.353007 0
1.354007 0
1.355007 0
1.356007 1
1.357007 1
1.358007 1
1.359007 1
1.360008 1
1.361008 1
1.362008 1
1.363008 1
1.364008 1
1.365008 1
1.366008 1
1.367008 1
1.368008 -1
1.369008 -1
1.370008 -1
1.371008 -1
1.372008 -1
1.373008 -1
1.374008 2
1.375008 2
1.376008 2
1.377008 6
1.378008 6
1.379008 6
1.380008 4
1.381009 3
1.382009 -3
1.383009 -13
1.384009 -11
1.385009 -7
1.386009 -6
1.387009 -6
1.388009 -5
1.389009 -4
1.390009 -3
1.391009 3
1.392009 3
1.393009 9
1.394009 7
1.395009 7
1.396009 7
1.397009 5
1.398009 4
1.399009 0
1.400009 -3
1.401009 -11
1.402009 -10
1.403010 -6
1.404010 0
1.405010 0
1.406010 0
1.407010 0
1.408010 0
1.409010 0
1.410010 0
1.411010 0
1.412010 1
1.413010 1
1.414010 8
1.415010 8
1.416010 6
1.417010 0
1.418010 0
1.419010 0
1.420010 0
1.421010 -2
1.422010 -2
1.423010 -11
1.424011 -9
1.425011 0
1.426011 0
1.427011 0
1.428011 0
1.429011 0
1.430011 0
1.431011 0
1.432011 0
1.433011 0
1.434011 0
1.435011 0
1.436011 0
1.437011 0
1.438011 0
1.439011 0
1.440011 0
1.441011 0
1.442011 0
1.443011 0
1.444011 0
1.445011 0
1.446012 0
1.447012 0
1.448012 0
1.449012 0
1.450012 1
1.451012 1
1.452012 1
1.453012 1
1.454012 1
1.455012 1
1.456012 1
1.457012 1
1.458012 1
1.459012 1
1.460012 1
1.461012 1
1.462012 1
1.463012 1
1.464012 1
1.465012 1
1.466012 1
1.467013 1
1.468013 1
1.469013 1
1.470013 1
1.471013 1
1.472013 1
1.473013 1
1.474013 1
1.475013 1
1.476013 1
1.477013 1
1.478013 1
1.479013 0
1.480013 0
1.481013 0
1.482013 0
1.483013 0
1.484013 0
1.485013 0
1.486013 0
1.487013 0
1.488014 0
1.489014 0
1.490014 0
1.491014 0
1.492014 0
1.493014 0
1.494014 1
1.495014 1
1.496014 1
1.497014 1
1.498014 1
1.499014 1
1.500014 1
1.501014 1
1.502014 1
1.503014 1
1.504014 1
1.505014 1
1.506014 1
1.507014 1
1.508014 1
1.509014 1
1.510015 1
1.511015 1
1.512015 1
1.513015 1
1.514015 1
1.515015 1
1.516015 1
1.517015 1
1.518015 1
1.519015 1
1.520015 1
1.521015 1
1.522015 1
1.523015 1
1.524015 1
1.525015 -2
1.526015 -2
1.527015 -2
1.528015 -2
1.529015 -3
1.530015 -3
1.531016 -3
1.532016 -3
1.533016 -3
1.534016 -3
1.535016 -2
1.536016 -2
1.537016 0
1.538016 2
1.539016 2
1.540016 7
1.541016 7
1.542016 5
1.543016 4
1.544016 0
1.545016 -3
1.546016 -3
1.547016 -9
1.548016 -9
1.549016 -5
1.550016 0
1.551016 0
1.552016 0
1.553017 0
1.554017 0
1.555017 2
1.556017 2
1.557017 2
1.558017 2
1.559017 2
1.560017 2
1.561017 2
1.562017 2
1.563017 2
1.564017 1
1.565017 1
1.566017 1
1.567017 1
1.568017 1
1.569017 -1
1.570017 -1
1.571017 -1
1.572017 -1
1.573017 -1
1.574018 -1
1.575018 -1
1.576018 -1
1.577018 -1
1.578018 -1
1.579018 -1
1.580018 -1
1.581018 -1
1.582018 -1
1.583018 -1
1.584018 -1
1.585018 -1
1.586018 -1
1.587018 -1
1.588018 -1
1.589018 -1
1.590018 -1
1.591018 -1
1.592018 -1
1.593018 -1
1.594018 -1
1.595019 -1
1.596019 -1
1.597019 0
1.598019 0
1.599019 0
1.600019 0
1.601019 0
1.602019 0
1.603019 0
1.604019 0
1.605019 0
1.606019 0
1.607019 0
1.608019 0
1.609019 0
1.610019 0
1.611019 0
1.612019 0
1.613019 0
1.614019 0
1.615019 0
1.616019 0
1.617020 0
1.618020 0
1.619020 0
1.620020 0
1.621020 0
1.622020 0
1.623020 0
1.624020 0
1.625020 0
1.626020 0
1.627020 0
1.628020 0
1.629020 0
1.630020 0
1.631020 0
1.632020 0
1.633020 0
1.634020 0
1.635020 0
1.636020 0
1.637020 0
1.638021 0
1.639021 0
1.640021 0
1.641021 0
1.642021 0
1.643021 0
1.644021 0
1.645021 -1
1.646021 -1
1.647021 -1
1.648021 -1
1.649021 -1
1.650021 -1
1.651021 -1
1.652021 -1
1.653021 -1
1.654021 -1
1.655021 -1
1.656021 -1
1.657021 -1
1.658021 1
1.659021 1
1.660022 1
1.661022 1
1.662022 1
1.663022 1
1.664022 1
1.665022 1
1.666022 1
1.667022 1
1.668022 1
1.669022 1
1.670022 1
1.671022 -1
1.672022 -1
1.673022 -1
1.674022 -1
1.675022 -1
1.676022 -1
1.677022 -1
1.678022 -1
1.679022 -1
1.680022 -1
1.681023 -1
1.682023 -1
1.683023 -1
1.684023 -1
1.685023 -1
1.686023 -1
1.687023 -1
1.688023 -1
1.689023 -1
1.690023 -1
1.691023 -1
1.692023 -1
1.693023 -1
1.694023 -1
1.695023 -1
1.696023 -1
1.697023 0
1.698023 0
1.699023 0
1.700023 0
1.701023 0
1.702024 0
1.703024 0
1.704024 6
1.705024 6
1.706024 6
1.707024 4
1.708024 3
1.709024 0
1.710024 0
1.711024 0
1.712024 0
1.713024 -2
1.714024 -2
1.715024 -2
1.716024 -2
1.717024 -4
1.718024 -4
1.719024 -4
1.720024 -4
1.721024 -3
1.722024 -3
1.723024 3
1.724025 8
1.725025 8
1.726025 7
1.727025 4
1.728025 0
1.729025 0
1.730025 0
1.731025 0
1.732025 0
1.733025 -2
1.734025 -2
1.735025 -2
1.736025 -2
1.737025 -3
1.738025 -3
1.739025 -3
1.740025 -3
1.741025 -3
1.742025 -3
1.743025 -2
1.744025 -2
1.745026 -2
1.746026 0
1.747026 0
1.748026 0
1.749026 0
1.750026 0
1.751026 0
1.752026 0
1.753026 0
1.754026 0
1.755026 0
1.756026 0
1.757026 0
1.758026 0
1.759026 0
1.760026 0
1.761026 0
1.762026 0
1.763026 0
1.764026 0
1.765026 0
1.766026 0
1.767027 0
1.768027 0
1.769027 0
1.770027 0
1.771027 0
1.772027 0
1.773027 0
1.774027 0
1.775027 0
1.776027 0
1.777027 0
1.778027 0
1.779027 0
1.780027 0
1.781027 0
1.782027 0
1.783027 0
1.784027 0
1.785027 0
1.786027 0
1.787027 0
1.788028 0
1.789028 0
1.790028 0
1.791028 0
1.792028 0
1.793028 0
1.794028 0
1.795028 0
1.796028 0
1.797028 0
1.798028 0
1.799028 0
1.800028 0
1.801028 0
1.802028 0
1.803028 0
1.804028 0
1.805028 0
1.806028 0
1.807028 0
1.808028 0
1.809029 0
1.810029 0
1.811029 0
1.812029 0
1.813029 0
1.814029 0
1.815029 0
1.816029 0
1.817029 0
1.818029 0
1.819029 0
1.820029 0
1.821029 0
1.822029 0
1.823029 0
1.824029 0
1.825029 0
1.826029 0
1.827029 0
1.828029 0
1.829029 0
1.830029 0
1.831030 0
1.832030 0
1.833030 0
1.834030 0
1.835030 0
1.836030 0
1.837030 0
1.838030 0
1.839030 0
1.840030 0
1.841030 0
1.842030 0
1.843030 0
1.844030 0
1.845030 0
1.846030 0
1.847030 0
1.848030 0
1.849030 0
1.850030 0
1.851030 0
1.852031 0
1.853031 0
1.854031 0
1.855031 0
1.856031 0
1.857031 0
1.858031 0
1.859031 0
1.860031 0
1.861031 0
1.862031 0
1.863031 0
1.864031 0
1.865031 0
1.866031 0
1.867031 0
1.868031 0
1.869031 0
1.870031 0
1.871031 0
1.872031 0
1.873031 0
1.874032 0
1.875032 0
1.876032 0
1.877032 0
1.878032 0
1.879032 0
1.880032 0
1.881032 0
1.882032 0
1.883032 0
1.884032 0
1.885032 0
1.886032 0
1.887032 0
1.888032 0
1.889032 0
1.890032 0
1.891032 0
1.892032 0
1.893032 0
1.894032 0
1.895033 0
1.896033 0
1.897033 0
1.898033 0
1.899033 0
1.900033 4
1.901033 4
1.902033 4
1.903033 4
1.904033 3
1.905033 3
1.906033 2
1.907033 2
1.908033 -2
1.909033 -2
1.910033 -2
1.911033 -2
1.912033 -4
1.913033 -4
1.914033 -4
1.915033 -4
1.916034 -4
1.917034 3
1.918034 3
1.919034 3
1.920034 4
1.921034 4
1.922034 4
1.923034 4
1.924034 3
1.925034 3
1.926034 -3
1.927034 -3
1.928034 -3
1.929034 -3
1.930034 -3
1.931034 -3
1.932034 -3
1.933034 -3
1.934034 -3
1.935034 3
1.936034 3
1.937034 3
1.938035 6
1.939035 6
1.940035 5
1.941035 4
1.942035 0
1.943035 0
1.944035 0
1.945035 -2
1.946035 -2
1.947035 -2
1.948035 -2
1.949035 -2
1.950035 -3
1.951035 -3
1.952035 -3
1.953035 -3
1.954035 -3
1.955035 -3
1.956035 3
1.957035 3
1.958035 3
1.959036 3
1.960036 3
1.961036 2
1.962036 2
1.963036 2
1.964036 2
1.965036 1
1.966036 1
1.967036 0
1.968036 0
1.969036 -1
1.970036 -1
1.971036 -1
1.972036 -1
1.973036 -1
1.974036 -1
1.975036 -1
1.976036 -1
1.977036 -1
1.978036 -1
1.979036 -1
1.980036 -1
1.981037 -1
1.982037 -1
1.983037 1
1.984037 1
1.985037 1
1.986037 1
1.987037 1
1.988037 1
1.989037 1
1.990037 1
1.991037 1
1.992037 1
1.993037 1
1.994037 1
1.995037 -1
1.996037 -1
1.997037 -1
1.998037 -1
1.999037 -1
2.000037 -1
2.001037 -1
2.002037 -1
2.003037 -1
2.004037 -1
2.005037 -1
2.006037 -1
2.007037 -1
2.008037 -1
2.009037 -1
2.010037 -1
2.011037 -1
2.012037 -1
2.013036 1
2.014036 1
2.015036 1
2.016036 1
2.017036 1
2.018036 1
2.019036 1
2.020036 1
2.021036 1
2.022036 1
2.023036 1
2.024036 1
2.025036 1
2.026036 1
2.027035 1
2.028035 1
2.029035 1
2.030035 1
2.031035 -1
2.032035 -1
2.033035 -1
2.034035 -1
2.035035 -1
2.036035 -1
2.037035 -1
2.038035 -1
2.039035 -1
2.040035 2
2.041034 2
2.042034 2
2.043034 5
2.044034 5
2.045034 5
2.046034 5
2.047034 3
2.048034 3
2.049034 0
2.050034 0
2.051034 -2
2.052034 -2
2.053034 -2
2.054034 -2
2.055033 -4
2.056033 -4
2.057033 -4
2.058033 -4
2.059033 -4
2.060033 -3
2.061033 -2
2.062033 -2
2.063033 2
2.064033 8
2.065033 8
2.066033 7
2.067033 4
2.068033 0
2.069032 0
2.070032 0
2.071032 0
2.072032 0
2.073032 0
2.074032 0
2.075032 0
2.076032 0
2.077032 0
2.078032 0
2.079032 0
2.080032 0
2.081032 0
2.082031 0
2.083031 0
2.084031 0
2.085031 0
2.086031 0
2.087031 0
2.088031 0
2.089031 -1
2.090031 -1
2.091031 -1
2.092031 -1
2.093031 -1
2.094031 -1
2.095031 -1
2.096030 -1
2.097030 -1
2.098030 -1
2.099030 -1
2.100030 -1
2.101030 -1
2.102030 -1
2.103030 -1
2.104030 -1
2.105030 -1
2.106030 -1
2.107030 -1
2.108030 -1
2.109030 -1
2.110029 -1
2.111029 -1
2.112029 -1
2.113029 -1
2.114029 -1
2.115029 -1
2.116029 -1
2.117029 -1
2.118029 -1
2.119029 0
2.120029 0
2.121029 0
2.122029 0
2.123029 0
2.124028 0
2.125028 0
2.126028 0
2.127028 0
2.128028 0
2.129028 0
2.130028 0
2.131028 0
2.132028 0
2.133028 0
2.134028 0
2.135028 0
2.136028 0
2.137028 0
2.138027 0
2.139027 0
2.140027 0
2.141027 0
2.142027 0
2.143027 0
2.144027 0
2.145027 0
2.146027 0
2.147027 0
2.148027 0
2.149027 0
2.150027 0
2.151026 0
2.152026 0
2.153026 0
2.154026 0
2.155026 0
2.156026 0
2.157026 0
2.158026 0
2.159026 0
2.160026 0
2.161026 0
2.162026 0
2.163026 0
2.164026 0
2.165025 0
2.166025 0
2.167025 0
2.168025 0
2.169025 0
2.170025 0
2.171025 0
2.172025 0
2.173025 0
2.174025 0
2.175025 0
2.176025 0
2.177025 0
2.178025 -2
2.179024 -2
2.180024 -2
2.181024 -2
2.182024 -2
2.183024 -2
2.184024 -2
2.185024 -2
2.186024 2
2.187024 2
2.188024 7
2.189024 7
2.190024 7
2.191024 4
2.192024 0
2.193023 0
2.194023 0
2.195023 0
2.196023 0
2.197023 0
2.198023 0
2.199023 -1
2.200023 -1
2.201023 -1
2.202023 -1
2.203023 -3
2.204023 -3
2.205023 -3
2.206023 -3
2.207022 -3
2.208022 -3
2.209022 3
2.210022 3
2.211022 7
2.212022 7
2.213022 6
2.214022 4
2.215022 0
2.216022 0
2.217022 0
2.218022 0
2.219022 0
2.220021 0
2.221021 0
2.222021 0
2.223021 0
2.224021 0
2.225021 -1
2.226021 -1
2.227021 -1
2.228021 -1
2.229021 -1
2.230021 -1
2.231021 -1
2.232021 -1
2.233021 -1
2.234020 -2
2.235020 -2
2.236020 -2
2.237020 -2
2.238020 -2
2.239020 -2
2.240020 2
2.241020 2
2.242020 2
2.243020 2
2.244020 2
2.245020 2
2.246020 2
2.247020 2
2.248019 2
2.249019 2
2.250019 1
2.251019 1
2.252019 1
2.253019 0
2.254019 0
2.255019 0
2.256019 0
2.257019 0
2.258019 0
2.259019 0
2.260019 0
2.261019 0
2.262018 0
2.263018 0
2.264018 0
2.265018 0
2.266018 0
2.267018 0
2.268018 0
2.269018 0
2.270018 0
2.271018 0
2.272018 0
2.273018 0
2.274018 0
2.275017 0
2.276017 0
2.277017 0
2.278017 0
2.279017 0
2.280017 0
2.281017 0
2.282017 0
2.283017 0
2.284017 0
2.285017 0
2.286017 0
2.287017 0
2.288017 0
2.289016 0
2.290016 0
2.291016 0
2.292016 0
2.293016 0
2.294016 0
2.295016 0
2.296016 0
2.297016 0
2.298016 0
2.299016 0
2.300016 0
2.301016 0
2.302016 0
2.303015 0
2.304015 0
2.305015 0
2.306015 0
2.307015 0
2.308015 0
2.309015 0
2.310015 0
2.311015 0
2.312015 0
2.313015 0
2.314015 0
2.315015 0
2.316015 0
2.317014 0
2.318014 0
2.319014 0
2.320014 0
2.321014 0
2.322014 0
2.323014 0
2.324014 0
2.325014 0
2.326014 0
2.327014 0
2.328014 0
2.329014 0
2.330014 0
2.331013 0
2.332013 0
2.333013 0
2.334013 0
2.335013 0
2.336013 0
2.337013 0
2.338013 0
2.339013 0
2.340013 0
2.341013 0
2.342013 0
2.343013 0
2.344012 0
2.345012 0
2.346012 0
2.347012 0
2.348012 0
2.349012 0
2.350012 0
2.351012 0
2.352012 0
2.353012 0
2.354012 0
2.355012 0
2.356012 0
2.357012 0
2.358011 0
2.359011 0
2.360011 0
2.361011 0
2.362011 0
2.363011 0
2.364011 0
2.365011 0
2.366011 0
2.367011 0
2.368011 0
2.369011 0
2.370011 0
2.371011 0
2.372010 0
2.373010 0
2.374010 0
2.375010 0
2.376010 0
2.377010 0
2.378010 0
2.379010 0
2.380010 0
2.381010 0
2.382010 0
2.383010 0
2.384010 0
2.385010 0
2.386009 0
2.387009 0
2.388009 0
2.389009 0
2.390009 1
2.391009 1
2.392009 1
2.393009 1
2.394009 1
2.395009 1
2.396009 2
2.397009 2
2.398009 2
2.399009 2
2.400008 2
2.401008 2
2.402008 -2
2.403008 -2
2.404008 -2
2.405008 -6
2.406008 -6
2.407008 -6
2.408008 -4
2.409008 -3
2.410008 0
2.411008 0
2.412008 0
2.413007 2
2.414007 9
2.415007 9
2.416007 6
2.417007 0
2.418007 0
2.419007 0
2.420007 -2
2.421007 -14
2.422007 -14
2.423007 -11
2.424007 0
2.425007 0
2.426007 0
2.427006 3
2.428006 10
2.429006 10
2.430006 7
2.431006 7
2.432006 6
2.433006 5
2.434006 4
2.435006 0
2.436006 -2
2.437006 -15
2.438006 -13
2.439006 -12
2.440006 0
2.441005 0
2.442005 0
2.443005 0
2.444005 0
2.445005 2
2.446005 2
2.447005 7
2.448005 7
2.449005 5
2.450005 4
2.451005 0
2.452005 0
2.453005 0
2.454005 0
2.455004 0
2.456004 0
2.457004 0
2.458004 0
2.459004 0
2.460004 0
2.461004 0
2.462004 0
2.463004 0
2.464004 0
2.465004 0
2.466004 0
2.467004 1
2.468004 1
2.469003 1
2.470003 1
2.471003 1
2.472003 1
2.473003 1
2.474003 -2
2.475003 -2
2.476003 -2
2.477003 -2
2.478003 -2
2.479003 -2
2.480003 -2
2.481003 -2
2.482002 -2
2.483002 -1
2.484002 -1
2.485002 -1
2.486002 0
2.487002 0
2.488002 0
2.489002 1
2.490002 1
2.491002 1
2.492002 1
2.493002 1
2.494002 1
2.495002 1
2.496001 -2
2.497001 -2
2.498001 -2
2.499001 -2
2.500001 -2
2.501001 -2
2.502001 -2
2.503001 -2
2.504001 -2
2.505001 -2
2.506001 -1
2.507001 -1
2.508001 -1
2.509001 -1
2.510000 1
2.511000 1
2.512000 6
2.513000 6
2.514000 6
2.515000 5
2.516000 4
2.517000 0
2.518000 0
2.519000 0
2.520000 0
2.521000 -2
2.522000 -2
2.523000 -2
2.523999 -2
2.524999 -2
2.525999 -2
2.526999 -3
2.527999 -3
2.528999 -3
2.529999 -3
2.530999 -3
2.531999 -3
2.532999 -2
2.533999 2
2.534999 9
2.535999 9
2.536999 6
2.537998 5
2.538998 0
2.539998 0
2.540998 0
2.541998 0
2.542998 0
2.543998 -2
2.544998 -2
2.545998 -2
2.546998 -2
2.547998 -4
2.548998 -4
2.549998 -4
2.550997 -4
2.551997 -3
2.552997 -3
2.553997 -2
2.554997 0
2.555997 0
2.556997 0
2.557997 0
2.558997 0
2.559997 0
2.560997 0
2.561997 0
2.562997 0
2.563997 0
2.564996 0
2.565996 0
2.566996 0
2.567996 0
2.568996 0
2.569996 0
2.570996 0
2.571996 0
2.572996 0
2.573996 0
2.574996 0
2.575996 0
2.576996 0
2.577996 0
2.578995 0
2.579995 0
2.580995 0
2.581995 0
2.582995 4
2.583995 4
2.584995 4
2.585995 4
2.586995 3
2.587995 3
2.588995 2
2.589995 -2
2.590995 -2
2.591995 -2
2.592994 -2
2.593994 -2
2.594994 -2
2.595994 -2
2.596994 -2
2.597994 -2
2.598994 -2
2.599994 -1
2.600994 -1
2.601994 -1
2.602994 -1
2.603994 0
2.604994 0
2.605994 0
2.606993 0
2.607993 0
2.608993 0
2.609993 0
2.610993 0
2.611993 0
2.612993 0
2.613993 0
2.614993 0
2.615993 0
2.616993 0
2.617993 0
2.618993 0
2.619992 0
2.620992 0
2.621992 0
2.622992 0
2.623992 0
2.624992 0
2.625992 0
2.626992 0
2.627992 0
2.628992 0
2.629992 0
2.630992 0
2.631992 0
2.632992 0
2.633991 0
2.634991 0
2.635991 0
2.636991 0
2.637991 0
2.638991 0
2.639991 0
2.640991 0
2.641991 0
2.642991 0
2.643991 0
2.644991 0
2.645991 0
2.646991 0
2.647990 0
2.648990 0
2.649990 0
2.650990 0
2.651990 0
2.652990 0
2.653990 0
2.654990 0
2.655990 0
2.656990 0
2.657990 0
2.658990 0
2.659990 0
2.660990 0
2.661989 0
2.662989 0
2.663989 0
2.664989 0
2.665989 0
2.666989 0
2.667989 0
2.668989 0
2.669989 0
2.670989 6
2.671989 6
2.672989 6
2.673989 5
2.674989 4
2.675988 0
2.676988 0
2.677988 -2
2.678988 -2
2.679988 -2
2.680988 -2
2.681988 -4
2.682988 -4
2.683988 -4
2.684988 -4
2.685988 -3
2.686988 -2
2.687988 -2
2.688987 -2
2.689987 2
2.690987 2
2.691987 2
2.692987 2
2.693987 5
2.694987 5
2.695987 5
2.696987 4
2.697987 3
2.698987 3
2.699987 -2
2.700987 -2
2.701987 -2
2.702986 -2
2.703986 -4
2.704986 -4
2.705986 -4
2.706986 -4
2.707986 -3
2.708986 -3
2.709986 -2
2.710986 0
2.711986 2
2.712986 2
2.713986 2
2.714986 2
2.715986 2
2.716985 2
2.717985 2
2.718985 2
2.719985 2
2.720985 2
2.721985 -1
2.722985 -1
2.723985 -1
2.724985 -1
2.725985 -1
2.726985 -1
2.727985 -1
2.728985 -1
2.729985 -1
2.730984 -1
2.731984 2
2.732984 2
2.733984 2
2.734984 2
2.735984 2
2.736984 2
2.737984 2
2.738984 2
2.739984 2
2.740984 2
2.741984 1
2.742984 1
2.743984 1
2.744983 -1
2.745983 -1
2.746983 -1
2.747983 -1
2.748983 -1
2.749983 -1
2.750983 -1
2.751983 -1
2.752983 -1
2.753983 2
2.754983 2
2.755983 2
2.756983 2
2.757982 2
2.758982 2
2.759982 2
2.760982 2
2.761982 2
2.762982 2
2.763982 1
2.764982 1
2.765982 1
2.766982 1
2.767982 1
2.768982 1
2.769982 -1
2.770982 -1
2.771981 -1
2.772981 -1
2.773981 -1
2.774981 -1
2.775981 -1
2.776981 -1
2.777981 -1
2.778981 -1
2.779981 -1
2.780981 -1
2.781981 -1
2.782981 -1
2.783981 -1
2.784981 -1
2.785980 -1
2.786980 -1
2.787980 1
2.788980 1
2.789980 1
2.790980 1
2.791980 1
2.792980 1
2.793980 1
2.794980 1
2.795980 1
2.796980 1
2.797980 1
2.798980 1
2.799979 -1
2.800979 -1
2.801979 -1
2.802979 -1
2.803979 -1
2.804979 -1
2.805979 -1
2.806979 -1
2.807979 -1
2.808979 -1
2.809979 -1
2.810979 -1
2.811979 -1
2.812979 -1
2.813978 -1
2.814978 -1
2.815978 -1
2.816978 -1
2.817978 -1
2.818978 1
2.819978 1
2.820978 1
2.821978 1
2.822978 4
2.823978 4
2.824978 4
2.825978 4
2.826977 3
2.827977 -3
2.828977 -3
2.829977 -3
2.830977 -3
2.831977 -4
2.832977 -4
2.833977 -4
2.834977 -4
2.835977 -3
2.836977 -3
2.837977 -2
2.838977 -2
2.839977 0
2.840976 2
2.841976 2
2.842976 2
2.843976 2
2.844976 2
2.845976 2
2.846976 2
2.847976 2
2.848976 2
2.849976 2
2.850976 1
2.851976 1
2.852976 -1
2.853976 -1
2.854975 -1
2.855975 -1
2.856975 -1
2.857975 -1
2.858975 -1
2.859975 -1
2.860975 -1
2.861975 -1
2.862975 -1
2.863975 -1
2.864975 1
2.865975 1
2.866975 1
2.867975 1
2.868974 1
2.869974 1
2.870974 1
2.871974 1
2.872974 1
2.873974 1
2.874974 1
2.875974 -1
2.876974 -1
2.877974 -1
2.878974 -1
2.879974 -1
2.880974 -1
2.881974 -1
2.882973 -1
2.883973 -1
2.884973 -1
2.885973 -1
2.886973 -1
2.887973 -1
2.888973 -1
2.889973 -1
2.890973 -1
2.891973 -1
2.892973 1
2.893973 1
2.894973 1
2.895972 1
2.896972 1
2.897972 1
2.898972 1
2.899972 1
2.900972 1
2.901972 1
2.902972 1
2.903972 1
2.904972 1
2.905972 -1
2.906972 -1
2.907972 -1
2.908972 -1
2.909971 -1
2.910971 -1
2.911971 -1
2.912971 -1
2.913971 -1
2.914971 -1
2.915971 -1
2.916971 -1
2.917971 -1
2.918971 -1
2.919971 -1
2.920971 -1
2.921971 -1
2.922971 -1
2.923970 -1
2.924970 1
2.925970 1
2.926970 1
2.927970 1
2.928970 1
2.929970 1
2.930970 1
2.931970 1
2.932970 1
2.933970 1
2.934970 1
2.935970 1
2.936970 1
2.937969 1
2.938969 -1
2.939969 -1
2.940969 -1
2.941969 -1
2.942969 -1
2.943969 -1
2.944969 -1
2.945969 -1
2.946969 -1
2.947969 -1
2.948969 -1
2.949969 -1
2.950969 -1
2.951968 1
2.952968 1
2.953968 1
2.954968 5
2.955968 5
2.956968 5
2.957968 4
2.958968 4
2.959968 3
2.960968 2
2.961968 -2
2.962968 -2
2.963968 -2
2.964967 -2
2.965967 -2
2.966967 -2
2.967967 -2
2.968967 -2
2.969967 -2
2.970967 -2
2.971967 2
2.972967 9
2.973967 9
2.974967 8
2.975967 8
2.976967 6
2.977967 4
2.978966 0
2.979966 0
2.980966 -3
2.981966 -3
2.982966 -6
2.983966 -6
2.984966 -6
2.985966 -4
2.986966 -4
2.987966 0
2.988966 0
2.989966 0
2.990966 0
2.991966 2
2.992965 2
2.993965 2
2.994965 2
2.995965 2
2.996965 2
2.997965 2
2.998965 2
2.999965 2
3.000965 2
3.001965 1
3.002965 1
3.003965 1
3.004965 -1
3.005965 -1
3.006964 -1
3.007964 -1
3.008964 -1
3.009964 -1
3.010964 -1
3.011964 -1
3.012964 -1
3.013964 -1
3.014964 -1
3.015964 1
3.016964 1
3.017964 1
3.018964 1
3.019964 1
3.020963 1
3.021963 1
3.022963 1
3.023963 1
3.024963 -2
3.025963 -2
3.026963 -2
3.027963 -2
3.028963 -2
3.029963 -2
3.030963 -2
3.031963 -2
3.032963 -2
3.033962 -2
3.034962 -1
3.035962 -1
3.036962 -1
3.037962 1
3.038962 1
3.039962 1
3.040962 1
3.041962 1
3.042962 1
3.043962 1
3.044962 1
3.045962 1
3.046962 1
3.047961 1
3.048961 1
3.049961 1
3.050961 1
3.051961 -1
3.052961 -1
3.053961 -1
3.054961 -1
3.055961 -1
3.056961 -1
3.057961 -1
3.058961 -1
3.059961 2
3.060961 2
3.061960 6
3.062960 6
3.063960 6
3.064960 4
3.065960 3
3.066960 0
3.067960 0
3.068960 0
3.069960 0
3.070960 -2
3.071960 -2
3.072960 -2
3.073960 -4
3.074960 -4
3.075959 -4
3.076959 -4
3.077959 -3
3.078959 -3
3.079959 -2
3.080959 2
3.081959 2
3.082959 2
3.083959 2
3.084959 2
3.085959 2
3.086959 2
3.087959 2
3.088959 2
3.089958 1
3.090958 1
3.091958 -1
3.092958 -1
3.093958 -1
3.094958 -1
3.095958 -1
3.096958 -1
3.097958 -1
3.098958 -1
3.099958 -1
3.100958 -1
3.101958 -1
3.102957 -1
3.103957 -1
3.104957 -1
3.105957 -1
3.106957 -1
3.107957 -1
3.108957 -1
3.109957 -1
3.110957 -1
3.111957 -1
3.112957 -1
3.113957 -1
3.114957 -1
3.115957 0
3.116956 0
3.117956 0
3.118956 0
3.119956 0
3.120956 0
3.121956 0
3.122956 0
3.123956 0
3.124956 0
3.125956 0
3.126956 0
3.127956 0
3.128956 0
3.129956 0
3.130955 0
3.131955 0
3.132955 0
3.133955 0
3.134955 0
3.135955 0
3.136955 0
3.137955 0
3.138955 0
3.139955 0
3.140955 0
3.141955 0
3.142955 0
3.143955 0
3.144954 0
3.145954 0
3.146954 0
3.147954 0
3.148954 0
3.149954 0
3.150954 0
3.151954 0
3.152954 0
3.153954 0
3.154954 0
3.155954 0
3.156954 0
3.157954 0
3.158953 0
3.159953 0
3.160953 0
3.161953 0
3.162953 0
3.163953 0
3.164953 0
3.165953 0
3.166953 0
3.167953 -1
3.168953 -1
3.169953 -1
3.170953 -1
3.171952 -1
3.172952 -1
3.173952 -1
3.174952 -1
3.175952 -1
3.176952 -1
3.177952 1
3.178952 1
3.179952 8
3.180952 8
3.181952 6
3.182952 4
3.183952 0
3.184952 0
3.185951 0
3.186951 -2
3.187951 -2
3.188951 -2
3.189951 -2
3.190951 -4
3.191951 -4
3.192951 -4
3.193951 -4
3.194951 -3
3.195951 -3
3.196951 2
3.197951 14
3.198951 11
3.199950 0
3.200950 0
3.201950 0
3.202950 0
3.203950 0
3.204950 0
3.205950 0
3.206950 0
3.207950 -1
3.208950 -1
3.209950 -1
3.210950 -1
3.211950 -1
3.212950 -1
3.213949 -1
3.214949 -1
3.215949 2
3.216949 2
3.217949 11
3.218949 10
3.219949 5
3.220949 0
3.221949 0
3.222949 0
3.223949 0
3.224949 0
3.225949 0
3.226948 0
3.227948 0
3.228948 0
3.229948 0
3.230948 0
3.231948 0
3.232948 -1
3.233948 -1
3.234948 -1
3.235948 -1
3.236948 -1
3.237948 -1
3.238948 -1
3.239948 -2
3.240947 -2
3.241947 -2
3.242947 -2
3.243947 -2
3.244947 -2
3.245947 -2
3.246947 -2
3.247947 2
3.248947 2
3.249947 2
3.250947 2
3.251947 2
3.252947 2
3.253947 2
3.254946 2
3.255946 2
3.256946 2
3.257946 1
3.258946 1
3.259946 1
3.260946 -1
3.261946 -1
3.262946 -1
3.263946 -1
3.264946 -1
3.265946 -1
3.266946 -1
3.267946 -1
3.268945 -1
3.269945 -1
3.270945 -1
3.271945 -1
3.272945 -1
3.273945 -1
3.274945 -1
3.275945 -1
3.276945 -1
3.277945 -1
3.278945 -1
3.279945 -1
3.280945 -1
3.281945 -1
3.282944 -1
3.283944 -1
3.284944 0
3.285944 0
3.286944 0
3.287944 0
3.288944 0
3.289944 0
3.290944 0
3.291944 0
3.292944 0
3.293944 0
3.294944 0
3.295943 0
3.296943 0
3.297943 0
3.298943 0
3.299943 0
3.300943 4
3.301943 4
3.302943 4
3.303943 4
3.304943 4
3.305943 3
3.306943 2
3.307943 0
3.308943 -2
3.309942 -2
3.310942 -2
3.311942 -2
3.312942 -2
3.313942 -2
3.314942 -2
3.315942 -2
3.316942 -2
3.317942 -2
3.318942 -2
3.319942 -2
3.320942 -2
3.321942 2
3.322942 2
3.323941 2
3.324941 2
3.325941 2
3.326941 2
3.327941 2
3.328941 2
3.329941 2
3.330941 2
3.331941 1
3.332941 1
3.333941 -1
3.334941 -1
3.335941 -1
3.336941 -1
3.337940 -1
3.338940 -1
3.339940 -1
3.340940 -1
3.341940 -1
3.342940 -1
3.343940 -1
3.344940 -1
3.345940 -1
3.346940 -1
3.347940 -1
3.348940 1
3.349940 1
3.350940 1
3.351939 9
3.352939 8
3.353939 7
3.354939 7
3.355939 5
3.356939 -4
3.357939 -17
3.358939 -15
3.359939 -12
3.360939 -9
3.361939 0
3.362939 0
3.363939 4
3.364938 14
3.365938 8
3.366938 7
3.367938 7
3.368938 6
3.369938 -4
3.370938 -4
3.371938 -11
3.372938 -9
3.373938 -8
3.374938 -7
3.375938 -5
3.376938 0
3.377938 0
3.378937 2
3.379937 2
3.380937 7
3.381937 7
3.382937 7
3.383937 5
3.384937 0
3.385937 0
3.386937 0
3.387937 0
3.388937 0
3.389937 0
3.390937 -2
3.391937 -2
3.392936 -2
3.393936 -2
3.394936 -3
3.395936 -3
3.396936 -3
3.397936 -3
3.398936 -3
3.399936 -3
3.400936 -2
3.401936 -2
3.402936 -2
3.403936 0
3.404936 0
3.405936 0
3.406935 0
3.407935 0
3.408935 0
3.409935 0
3.410935 0
3.411935 0
3.412935 0
3.413935 0
3.414935 0
3.415935 0
3.416935 0
3.417935 0
3.418935 0
3.419935 0
3.420934 0
3.421934 0
3.422934 0
3.423934 0
3.424934 0
3.425934 0
3.426934 0
3.427934 0
3.428934 0
3.429934 0
3.430934 0
3.431934 0
3.432934 0
3.433933 0
3.434933 0
3.435933 0
3.436933 0
3.437933 0
3.438933 0
3.439933 0
3.440933 0
3.441933 0
3.442933 0
3.443933 0
3.444933 0
3.445933 0
3.446933 0
3.447932 0
3.448932 0
3.449932 0
3.450932 0
3.451932 0
3.452932 0
3.453932 0
3.454932 0
3.455932 0
3.456932 0
3.457932 0
3.458932 0
3.459932 0
3.460932 0
3.461931 0
3.462931 0
3.463931 0
3.464931 0
3.465931 0
3.466931 0
3.467931 0
3.468931 0
3.469931 0
3.470931 0
3.471931 0
3.472931 0
3.473931 0
3.474931 0
3.475930 0
3.476930 0
3.477930 0
3.478930 0
3.479930 0
3.480930 0
3.481930 0
3.482930 0
3.483930 0
3.484930 0
3.485930 0
3.486930 0
3.487930 0
3.488930 2
3.489929 2
3.490929 2
3.491929 2
3.492929 2
3.493929 2
3.494929 2
3.495929 2
3.496929 2
3.497929 2
3.498929 1
3.499929 1
3.500929 0
3.501929 0
3.502928 -1
3.503928 -1
3.504928 -1
3.505928 -1
3.506928 -4
3.507928 -4
3.508928 -4
3.509928 -4
3.510928 -3
3.511928 -3
3.512928 3
3.513928 12
3.514928 8
3.515928 0
3.516927 0
3.517927 0
3.518927 0
3.519927 0
3.520927 0
3.521927 0
3.522927 0
3.523927 -1
3.524927 -1
3.525927 -1
3.526927 -5
3.527927 -5
3.528927 -5
3.529927 -4
3.530926 -3
3.531926 0
3.532926 0
3.533926 2
3.534926 2
3.535926 2
3.536926 2
3.537926 2
3.538926 2
3.539926 2
3.540926 2
3.541926 2
3.542926 2
3.543926 1
3.544925 1
3.545925 1
3.546925 1
3.547925 1
3.548925 1
3.549925 0
3.550925 0
3.551925 0
3.552925 0
3.553925 0
3.554925 0
3.555925 0
3.556925 0
3.557925 0
3.558924 0
3.559924 0
3.560924 0
3.561924 0
3.562924 0
3.563924 0
3.564924 0
3.565924 0
3.566924 0
3.567924 0
3.568924 0
3.569924 0
3.570924 0
3.571923 0
3.572923 0
3.573923 0
3.574923 0
3.575923 0
3.576923 0
3.577923 0
3.578923 0
3.579923 0
3.580923 0
3.581923 0
3.582923 0
3.583923 0
3.584923 0
3.585922 0
3.586922 0
3.587922 0
3.588922 -4
3.589922 -4
3.590922 -4
3.591922 -4
3.592922 -4
3.593922 -3
3.594922 -2
3.595922 -2
3.596922 0
3.597922 0
3.598922 2
3.599921 2
3.600921 2
3.601921 2
3.602921 2
3.603921 2
3.604921 2
3.605921 2
3.606921 2
3.607921 2
3.608921 1
3.609921 1
3.610921 1
3.611921 1
3.612921 1
3.613920 1
3.614920 1
3.615920 1
3.616920 1
3.617920 0
3.618920 0
3.619920 0
3.620920 0
3.621920 0
3.622920 0
3.623920 0
3.624920 0
3.625920 0
3.626920 1
3.627919 1
3.628919 1
3.629919 1
3.630919 1
3.631919 1
3.632919 1
3.633919 1
3.634919 1
3.635919 1
3.636919 1
3.637919 1
3.638919 1
3.639919 1
3.640918 1
3.641918 1
3.642918 1
3.643918 1
3.644918 1
3.645918 1
3.646918 1
3.647918 1
3.648918 1
3.649918 1
3.650918 1
3.651918 1
3.652918 1
3.653918 1
3.654917 1
3.655917 0
3.656917 0
3.657917 0
3.658917 0
3.659917 0
3.660917 0
3.661917 0
3.662917 0
3.663917 0
3.664917 0
3.665917 0
3.666917 0
3.667917 0
3.668916 0
3.669916 0
3.670916 0
3.671916 0
3.672916 0
3.673916 0
3.674916 0
3.675916 0
3.676916 0
3.677916 0
3.678916 0
3.679916 0
3.680916 0
3.681916 0
3.682915 0
3.683915 0
3.684915 0
3.685915 0
3.686915 0
3.687915 0
3.688915 0
3.689915 0
3.690915 0
3.691915 0
3.692915 0
3.693915 0
3.694915 0
3.695915 0
3.696914 0
3.697914 0
3.698914 0
3.699914 0
3.700914 0
3.701914 0
3.702914 0
3.703914 0
3.704914 0
3.705914 0
3.706914 0
3.707914 0
3.708914 0
3.709913 0
3.710913 0
3.711913 0
3.712913 0
3.713913 0
3.714913 0
3.715913 0
3.716913 0
3.717913 0
3.718913 0
3.719913 0
3.720913 0
3.721913 0
3.722913 0
3.723912 0
3.724912 0
3.725912 0
3.726912 0
3.727912 0
3.728912 0
3.729912 0
3.730912 0
3.731912 0
3.732912 0
3.733912 0
3.734912 0
3.735912 0
3.736912 0
3.737911 0
3.738911 0
3.739911 0
3.740911 0
3.741911 0
3.742911 0
3.743911 0
3.744911 0
3.745911 0
3.746911 0
3.747911 0
3.748911 0
3.749911 0
3.750911 0
3.751910 0
3.752910 0
3.753910 0
3.754910 0
3.755910 0
3.756910 0
3.757910 0
3.758910 0
3.759910 0
3.760910 0
3.761910 0
3.762910 0
3.763910 0
3.764910 0
3.765909 0
3.766909 -4
3.767909 -4
3.768909 -4
3.769909 -4
3.770909 -4
3.771909 -3
3.772909 -2
3.773909 2
3.774909 2
3.775909 8
3.776909 8
3.777909 6
3.778908 4
3.779908 0
3.780908 -3
3.781908 -3
3.782908 -9
3.783908 -9
3.784908 -6
3.785908 -5
3.786908 0
3.787908 0
3.788908 0
3.789908 0
3.790908 0
3.791908 2
3.792907 2
3.793907 6
3.794907 6
3.795907 6
3.796907 4
3.797907 3
3.798907 0
3.799907 -2
3.800907 -2
3.801907 -10
3.802907 -8
3.803907 -6
3.804907 0
3.805907 0
3.806906 0
3.807906 0
3.808906 2
3.809906 9
3.810906 9
3.811906 7
3.812906 0
3.813906 0
3.814906 0
3.815906 -3
3.816906 -3
3.817906 -3
3.818906 -5
3.819906 -5
3.820905 -5
3.821905 -4
3.822905 -3
3.823905 -3
3.824905 3
3.825905 3
3.826905 3
3.827905 3
3.828905 3
3.829905 3
3.830905 2
3.831905 2
3.832905 2
3.833905 1
3.834904 0
3.835904 0
3.836904 0
3.837904 0
3.838904 0
3.839904 0
3.840904 0
3.841904 0
3.842904 0
3.843904 0
3.844904 0
3.845904 0
3.846904 0
3.847903 0
3.848903 0
3.849903 0
3.850903 0
3.851903 0
3.852903 0
3.853903 0
3.854903 0
3.855903 0
3.856903 0
3.857903 0
3.858903 0
3.859903 0
3.860903 0
3.861902 0
3.862902 0
3.863902 0
3.864902 0
3.865902 0
3.866902 0
3.867902 0
3.868902 0
3.869902 -1
3.870902 -1
3.871902 -8
3.872902 -8
3.873902 -6
3.874902 -4
3.875901 0
3.876901 0
3.877901 0
3.878901 2
3.879901 2
3.880901 2
3.881901 4
3.882901 4
3.883901 4
3.884901 4
3.885901 4
3.886901 3
3.887901 2
3.888901 2
3.889900 0
3.890900 -2
3.891900 -2
3.892900 -2
3.893900 -2
3.894900 -2
3.895900 -2
3.896900 -2
3.897900 -2
3.898900 -2
3.899900 -1
3.900900 -1
3.901900 -1
3.902900 -1
3.903899 -1
3.904899 -1
3.905899 -1
3.906899 0
3.907899 0
3.908899 0
3.909899 0
3.910899 0
3.911899 0
3.912899 0
3.913899 0
3.914899 0
3.915899 0
3.916898 0
3.917898 0
3.918898 0
3.919898 0
3.920898 0
3.921898 0
3.922898 0
3.923898 0
3.924898 0
3.925898 0
3.926898 0
3.927898 0
3.928898 0
3.929898 0
3.930897 0
3.931897 0
3.932897 0
3.933897 0
3.934897 0
3.935897 0
3.936897 0
3.937897 0
3.938897 0
3.939897 0
3.940897 0
3.941897 0
3.942897 0
3.943897 0
3.944896 0
3.945896 0
3.946896 0
3.947896 0
3.948896 0
3.949896 -1
3.950896 -1
3.951896 -1
3.952896 -1
3.953896 -1
3.954896 -1
3.955896 -1
3.956896 -1
3.957896 -1
3.958895 2
3.959895 2
3.960895 2
3.961895 2
3.962895 2
3.963895 2
3.964895 2
3.965895 2
3.966895 2
3.967895 2
3.968895 1
3.969895 1
3.970895 1
3.971895 1
3.972894 1
3.973894 1
3.974894 1
3.975894 1
3.976894 1
3.977894 -1
3.978894 -1
3.979894 -1
3.980894 -1
3.981894 -1
3.982894 -1
3.983894 -1
3.984894 -1
3.985893 -1
3.986893 -1
3.987893 -1
3.988893 -1
3.989893 -1
3.990893 -1
3.991893 -1
3.992893 -1
3.993893 -1
3.994893 -1
3.995893 -1
3.996893 -1
3.997893 -1
3.998893 -1
