0.000000 0.000000 0.000000
0.001000 0.000002 0.000000
0.002000 0.000014 0.000000
0.003000 0.000048 0.000000
0.004000 0.000114 0.000000
0.005000 0.000223 0.000000
0.006000 0.000385 0.000000
0.007000 0.000611 0.000000
0.008000 0.000910 0.000000
0.009000 0.001294 0.000000
0.010000 0.001772 0.000000
0.011000 0.002355 0.000000
0.012000 0.003053 0.000000
0.013000 0.003876 0.000000
0.014000 0.004833 0.000000
0.015000 0.005936 0.000000
0.016000 0.007193 0.000000
0.017000 0.008615 0.000000
0.018000 0.010211 0.000000
0.019000 0.011990 0.000000
0.020000 0.013964 0.000000
0.021000 0.016140 0.000000
0.022000 0.018529 0.000000
0.023000 0.021140 0.000000
0.024000 0.023983 0.002511
0.025000 0.027066 0.005022
0.026000 0.030399 0.005022
0.027000 0.033991 0.007533
0.028000 0.037851 0.010045
0.029000 0.041989 0.012556
0.030000 0.046413 0.015067
0.031000 0.051133 0.020089
0.032000 0.056156 0.022600
0.033000 0.061493 0.027623
0.034000 0.067151 0.030134
0.035000 0.073139 0.035156
0.036000 0.079467 0.037667
0.037000 0.086142 0.042690
0.038000 0.093173 0.047712
0.039000 0.100569 0.055246
0.040000 0.108338 0.060268
0.041000 0.116488 0.067801
0.042000 0.125028 0.075335
0.043000 0.133966 0.082868
0.044000 0.143309 0.087891
0.045000 0.153067 0.097935
0.046000 0.163247 0.105469
0.047000 0.173857 0.115513
0.048000 0.184905 0.123047
0.049000 0.196398 0.135603
0.050000 0.208346 0.143136
0.051000 0.220755 0.155692
0.052000 0.233633 0.163225
0.053000 0.246988 0.175781
0.054000 0.260827 0.188337
0.055000 0.275158 0.198382
0.056000 0.289988 0.210938
0.057000 0.305325 0.226004
0.058000 0.321176 0.238560
0.059000 0.337548 0.253627
0.060000 0.354449 0.268694
0.061000 0.371886 0.281250
0.062000 0.389865 0.298828
0.063000 0.408394 0.316406
0.064000 0.427481 0.331473
0.065000 0.447131 0.351562
0.066000 0.467352 0.369141
0.067000 0.488150 0.389230
0.068000 0.509533 0.406808
0.069000 0.531506 0.426897
0.070000 0.554078 0.444475
0.071000 0.577254 0.467076
0.072000 0.601040 0.487165
0.073000 0.625444 0.509766
0.074000 0.650472 0.532366
0.075000 0.676130 0.554967
0.076000 0.702424 0.577567
0.077000 0.729362 0.602679
0.078000 0.756948 0.627790
0.079000 0.785189 0.652902
0.080000 0.814092 0.678013
0.081000 0.843662 0.703125
0.082000 0.873905 0.733259
0.083000 0.904828 0.760882
0.084000 0.936436 0.788504
0.085000 0.968734 0.818638
0.086000 1.001730 0.846261
0.087000 1.035428 0.876395
0.088000 1.069834 0.909040
0.089000 1.104954 0.941685
0.090000 1.140793 0.974330
0.091000 1.177358 1.011998
0.092000 1.214652 1.044643
0.093000 1.252683 1.079799
0.094000 1.291455 1.114955
0.095000 1.330973 1.152623
0.096000 1.371242 1.187779
0.097000 1.412269 1.225446
0.098000 1.454058 1.263114
0.099000 1.496613 1.300781
0.100000 1.539941 1.340960
0.101000 1.584046 1.383650
0.102000 1.628934 1.423828
0.103000 1.674608 1.466518
0.104000 1.721074 1.509208
0.105000 1.768336 1.554408
0.106000 1.816400 1.597098
0.107000 1.865270 1.642299
0.108000 1.914951 1.687500
0.109000 1.965447 1.735212
0.110000 2.016763 1.780413
0.111000 2.068902 1.830636
0.112000 2.121871 1.880859
0.113000 2.175673 1.931083
0.114000 2.230312 1.983817
0.115000 2.285793 2.036551
0.116000 2.342119 2.086775
0.117000 2.399296 2.142020
0.118000 2.457327 2.197266
0.119000 2.516216 2.252511
0.120000 2.575968 2.307757
0.121000 2.636585 2.365513
0.122000 2.698073 2.423270
0.123000 2.760435 2.483538
0.124000 2.823675 2.541295
0.125000 2.887797 2.601562
0.126000 2.952804 2.661830
0.127000 3.018700 2.724609
0.128000 3.085489 2.784877
0.129000 3.153174 2.850168
0.130000 3.221760 2.915457
0.131000 3.291248 2.980748
0.132000 3.361644 3.046038
0.133000 3.432950 3.116350
0.134000 3.505169 3.181641
0.135000 3.578305 3.251953
0.136000 3.652361 3.319754
0.137000 3.727341 3.392578
0.138000 3.803247 3.465402
0.139000 3.880083 3.535714
0.140000 3.957851 3.608538
0.141000 4.036556 3.683873
0.142000 4.116198 3.756696
0.143000 4.196783 3.834543
0.144000 4.278312 3.909877
0.145000 4.360788 3.990234
0.146000 4.444215 4.065569
0.147000 4.528594 4.148438
0.148000 4.613929 4.228795
0.149000 4.700222 4.311663
0.150000 4.787476 4.392020
0.151000 4.875692 4.479911
0.152000 4.964876 4.562779
0.153000 5.055027 4.648159
0.154000 5.146149 4.738560
0.155000 5.238245 4.826451
0.156000 5.331315 4.914341
0.157000 5.425364 5.004743
0.158000 5.520392 5.095145
0.159000 5.616404 5.188058
0.160000 5.713398 5.283482
0.161000 5.811380 5.373884
0.162000 5.910350 5.469308
0.163000 6.010311 5.562221
0.164000 6.111265 5.655134
0.165000 6.213212 5.753069
0.166000 6.316156 5.848493
0.167000 6.420099 5.943917
0.168000 6.525042 6.041852
0.169000 6.630985 6.137277
0.170000 6.737934 6.237723
0.171000 6.845886 6.335659
0.172000 6.954846 6.436105
0.173000 7.064814 6.536551
0.174000 7.175793 6.639509
0.175000 7.287783 6.742466
0.176000 7.400785 6.847935
0.177000 7.514802 6.958426
0.178000 7.629835 7.066406
0.179000 7.745885 7.174386
0.180000 7.862953 7.289899
0.181000 7.981041 7.405413
0.182000 8.100150 7.520926
0.183000 8.220281 7.636440
0.184000 8.341434 7.754464
0.185000 8.463613 7.875000
0.186000 8.586816 7.993024
0.187000 8.711046 8.116072
0.188000 8.836303 8.236608
0.189000 8.962588 8.359654
0.190000 9.089903 8.482701
0.191000 9.218247 8.603236
0.192000 9.347622 8.728795
0.193000 9.478028 8.849330
0.194000 9.609468 8.972377
0.195000 9.741940 9.095424
0.196000 9.875444 9.215960
0.197000 10.009984 9.349051
0.198000 10.145558 9.474609
0.199000 10.282168 9.602678
0.200000 10.419814 9.733259
0.201000 10.558496 9.868861
0.202000 10.698213 10.004464
0.203000 10.838968 10.140067
0.204000 10.980762 10.278181
0.205000 11.123591 10.416295
0.206000 11.267459 10.559431
0.207000 11.412366 10.702567
0.208000 11.558310 10.848214
0.209000 11.705293 10.991350
0.210000 11.853313 11.136998
0.211000 12.002375 11.280134
0.212000 12.152472 11.425781
0.213000 12.303611 11.571428
0.214000 12.455787 11.714564
0.215000 12.609001 11.860212
0.216000 12.763254 12.005859
0.217000 12.918545 12.154017
0.218000 13.074875 12.299665
0.219000 13.232242 12.450335
0.220000 13.390646 12.603516
0.221000 13.550088 12.756697
0.222000 13.710567 12.914900
0.223000 13.872082 13.070592
0.224000 14.034634 13.231306
0.225000 14.198220 13.392020
0.226000 14.362844 13.555245
0.227000 14.528501 13.715960
0.228000 14.695191 13.879186
0.229000 14.862917 14.042411
0.230000 15.031674 14.208147
0.231000 15.201464 14.371373
0.232000 15.372285 14.534598
0.233000 15.544138 14.697824
0.234000 15.717020 14.861049
0.235000 15.890931 15.029297
0.236000 16.065872 15.197545
0.237000 16.241840 15.368303
0.238000 16.418835 15.539062
0.239000 16.596855 15.712333
0.240000 16.775900 15.888114
0.241000 16.955969 16.063894
0.242000 17.137060 16.244699
0.243000 17.319174 16.420481
0.244000 17.502308 16.601284
0.245000 17.686460 16.779575
0.246000 17.871634 16.952847
0.247000 18.057821 17.141184
0.248000 18.245026 17.316965
0.249000 18.433245 17.500278
0.250000 18.622477 17.681082
0.251000 18.812719 17.866909
0.252000 19.003971 18.050222
0.253000 19.196232 18.241072
0.254000 19.389502 18.431919
0.255000 19.583775 18.625278
0.256000 19.779057 18.818638
0.257000 19.975338 19.011997
0.258000 20.172623 19.205357
0.259000 20.370907 19.398716
0.260000 20.570190 19.592075
0.261000 20.770472 19.782925
0.262000 20.971745 19.976284
0.263000 21.174013 20.172153
0.264000 21.377275 20.368025
0.265000 21.581526 20.568918
0.266000 21.786764 20.767300
0.267000 21.992989 20.970703
0.268000 22.200199 21.171597
0.269000 22.408390 21.382534
0.270000 22.617561 21.585938
0.271000 22.827711 21.794363
0.272000 23.038839 22.000278
0.273000 23.250940 22.206194
0.274000 23.464016 22.409597
0.275000 23.678061 22.615513
0.276000 23.893074 22.823940
0.277000 24.109053 23.037388
0.278000 24.325998 23.250837
0.279000 24.543903 23.464285
0.280000 24.762770 23.682756
0.281000 24.982592 23.901228
0.282000 25.203369 24.119699
0.283000 25.425100 24.338169
0.284000 25.647781 24.556641
0.285000 25.871412 24.775112
0.286000 26.095987 24.991072
0.287000 26.321507 25.209543
0.288000 26.547964 25.428013
0.289000 26.775364 25.651506
0.290000 27.003696 25.875000
0.291000 27.232964 26.101004
0.292000 27.463161 26.329519
0.293000 27.694290 26.555525
0.294000 27.926342 26.786551
0.295000 28.159317 27.015066
0.296000 28.393211 27.253628
0.297000 28.628025 27.472097
0.298000 28.863754 27.703125
0.299000 29.100395 27.919085
0.300000 29.337944 28.147600
0.301000 29.576403 28.378628
0.302000 29.815762 28.622210
0.303000 30.056025 28.853237
0.304000 30.297180 29.099331
0.305000 30.539238 29.337891
0.306000 30.782183 29.578962
0.307000 31.026020 29.820034
0.308000 31.270744 30.053572
0.309000 31.516350 30.302176
0.310000 31.762836 30.550781
0.311000 32.010201 30.781809
0.312000 32.258438 31.040457
0.313000 32.507549 31.276506
0.314000 32.757526 31.520090
0.314999 33.008369 31.753628
0.315999 33.260075 31.997210
0.316999 33.512638 32.225727
0.317999 33.766052 32.471821
0.318999 34.020321 32.700336
0.319999 34.275444 32.946430
0.320999 34.531406 33.177456
0.321999 34.788212 33.431084
0.322999 35.045860 33.667133
0.323999 35.304340 33.925781
0.324999 35.563652 34.174385
0.325999 35.823795 34.435547
0.326999 36.084763 34.679131
0.327999 36.346554 34.927734
0.328999 36.609161 35.183872
0.329999 36.872581 35.437500
0.330999 37.136814 35.711216
0.331999 37.401859 35.987446
0.332999 37.667706 36.256138
0.333999 37.934353 36.537388
0.334999 38.201794 36.803570
0.335999 38.470032 37.082310
0.336999 38.739059 37.345982
0.337999 39.008873 37.619698
0.338999 39.279472 37.878349
0.339999 39.550846 38.149555
0.340999 39.822994 38.410713
0.341999 40.095917 38.686943
0.342999 40.369606 38.953125
0.343999 40.644058 39.234375
0.344999 40.919270 39.500557
0.345999 41.195240 39.769253
0.346999 41.471962 40.050503
0.347999 41.749432 40.324219
0.348999 42.027645 40.587891
0.349999 42.306599 40.876675
0.350999 42.586288 41.152901
0.351999 42.866714 41.434151
0.352999 43.147865 41.712891
0.353999 43.429745 41.994141
0.354999 43.712337 42.272881
0.355999 43.995655 42.554131
0.356999 44.279686 42.827847
0.357999 44.564423 43.104073
0.358999 44.849861 43.380302
0.359999 45.136002 43.659039
0.360999 45.422840 43.940289
0.361999 45.710369 44.224052
0.362999 45.998589 44.497768
0.363999 46.287491 44.799107
0.364999 46.577068 45.080357
0.365999 46.867329 45.366631
0.366999 47.158253 45.645367
0.367999 47.449848 45.931641
0.368999 47.742107 46.215401
0.369999 48.035023 46.509209
0.370999 48.328594 46.797993
0.371999 48.622814 47.094307
0.372999 48.917679 47.383091
0.373999 49.213188 47.679409
0.374999 49.509327 47.968193
0.375999 49.806107 48.261997
0.376999 50.103512 48.550781
0.377999 50.401535 48.844585
0.378999 50.700188 49.143414
0.379999 50.999447 49.454800
0.380999 51.299320 49.746094
0.381999 51.599796 50.052456
0.382999 51.900875 50.346260
0.383999 52.202553 50.647602
0.384999 52.504818 50.941406
0.385999 52.807678 51.242744
0.386999 53.111118 51.539062
0.387999 53.415134 51.847935
0.388999 53.719730 52.146763
0.389999 54.024891 52.458149
0.390999 54.330620 52.756977
0.391998 54.636909 53.068359
0.392998 54.943748 53.359653
0.393998 55.251141 53.671040
0.394998 55.559082 53.964844
0.395998 55.867561 54.283760
0.396998 56.176582 54.587612
0.397998 56.486137 54.893974
0.398998 56.796211 55.212891
0.399998 57.106815 55.524273
0.400998 57.417934 55.823101
0.401998 57.729568 56.142021
0.402998 58.041710 56.433315
0.403998 58.354359 56.767300
0.404998 58.667503 57.073662
0.405998 58.981136 57.397602
0.406998 59.295269 57.703960
0.407998 59.609879 58.025391
0.408998 59.924973 58.326729
0.409998 60.240540 58.648159
0.410998 60.556576 58.949497
0.411998 60.873081 59.273438
0.412998 61.190041 59.582310
0.413998 61.507458 59.916294
0.414998 61.825333 60.227680
0.415998 62.143639 60.549107
0.416998 62.462395 60.855469
0.417998 62.781590 61.179409
0.418998 63.101208 61.485771
0.419998 63.421253 61.809711
0.420998 63.741718 62.123604
0.421998 64.062607 62.450054
0.422998 64.383896 62.761440
0.423998 64.705597 63.090401
0.424998 65.027695 63.401787
0.425998 65.350189 63.723213
0.426998 65.673080 64.034599
0.427998 65.996353 64.361046
0.428998 66.320000 64.677452
0.429998 66.644028 65.011436
0.430998 66.968430 65.330360
0.431998 67.293190 65.661827
0.432998 67.618317 65.978233
0.433998 67.943794 66.304688
0.434998 68.269623 66.623604
0.435998 68.595795 66.957588
0.436998 68.922310 67.286552
0.437998 69.249153 67.625557
0.438998 69.576332 67.954521
0.439998 69.903831 68.293526
0.440998 70.231659 68.614952
0.441998 70.559792 68.948936
0.442998 70.888229 69.275391
0.443998 71.216980 69.611885
0.444998 71.546028 69.940849
0.445998 71.875366 70.289902
0.446998 72.204994 70.608818
0.447998 72.534904 70.945312
0.448998 72.865089 71.264229
0.449998 73.195557 71.595703
0.450998 73.526276 71.914619
0.451998 73.857269 72.248604
0.452998 74.188507 72.572548
0.453998 74.520012 72.911552
0.454998 74.851753 73.232979
0.455998 75.183731 73.566963
0.456998 75.515961 73.885880
0.457998 75.848404 74.217354
0.458998 76.181084 74.538780
0.459998 76.513977 74.877792
0.460998 76.847084 75.204239
0.461998 77.180405 75.545761
0.462998 77.513924 75.872208
0.463998 77.847649 76.213730
0.464998 78.181564 76.530136
0.465998 78.515671 76.869141
0.466998 78.849953 77.190567
0.467998 79.184410 77.537109
0.468998 79.519051 77.861046
0.469997 79.853844 78.210098
0.470997 80.188812 78.534042
0.471997 80.523926 78.878067
0.472997 80.859200 79.199501
0.473997 81.194618 79.543526
0.474997 81.530167 79.867470
0.475997 81.865852 80.221542
0.476997 82.201675 80.550499
0.477997 82.537613 80.899551
0.478997 82.873680 81.223495
0.479997 83.209854 81.567520
0.480997 83.546127 81.888954
0.481997 83.882515 82.232979
0.482997 84.218994 82.561943
0.483997 84.555565 82.908485
0.484997 84.892227 83.237442
0.485997 85.228973 83.586494
0.486997 85.565781 83.912949
0.487997 85.902672 84.256973
0.488997 86.239616 84.578407
0.489997 86.576630 84.924942
0.490997 86.913696 85.253906
0.491997 87.250809 85.605469
0.492997 87.587959 85.936943
0.493997 87.925156 86.280968
0.494997 88.262375 86.607422
0.495997 88.599625 86.938896
0.496997 88.936905 87.270370
0.497997 89.274193 87.624443
0.498997 89.611496 87.958427
0.499997 89.948807 88.304970
0.500997 90.286118 88.636436
0.501997 90.623413 88.980469
0.502997 90.960709 89.309433
0.503997 91.297989 89.650948
0.504997 91.635239 89.982422
0.505997 91.972458 90.331474
0.506997 92.309662 90.665459
0.507997 92.646812 91.017021
0.508997 92.983925 91.345985
0.509997 93.320992 91.690010
0.510997 93.657997 92.016464
0.511997 93.994942 92.360489
0.512997 94.331833 92.679405
0.513997 94.668648 93.038506
0.514997 95.005394 93.372490
0.515997 95.342041 93.716515
0.516997 95.678619 94.047989
0.517997 96.015106 94.387001
0.518997 96.351494 94.715958
0.519997 96.687767 95.054970
0.520997 97.023941 95.388954
0.521997 97.360008 95.732979
0.522997 97.695946 96.069473
0.523997 98.031769 96.413506
0.524997 98.367455 96.742470
0.525997 98.703018 97.078964
0.526997 99.038422 97.407921
0.527997 99.373695 97.746933
0.528997 99.708817 98.065849
0.529997 100.043777 98.424942
0.530997 100.378578 98.758926
0.531997 100.713219 99.100449
0.532997 101.047684 99.429405
0.533997 101.381966 99.765907
0.534997 101.716064 100.094864
0.535997 102.049980 100.436386
0.536997 102.383713 100.770370
0.537997 102.717232 101.116905
0.538997 103.050552 101.448380
0.539997 103.383659 101.787392
0.540997 103.716560 102.113838
0.541997 104.049240 102.447823
0.542997 104.381683 102.774277
0.543997 104.713913 103.113281
0.544997 105.045891 103.444756
0.545997 105.377632 103.781250
0.546997 105.709137 104.115234
0.547997 106.040382 104.454239
0.548997 106.371376 104.775673
0.549996 106.702103 105.114677
0.550996 107.032562 105.436104
0.551996 107.362755 105.777626
0.552996 107.692665 106.104073
0.553996 108.022293 106.445595
0.554996 108.351631 106.769531
0.555996 108.680679 107.108536
0.556996 109.009430 107.422432
0.557996 109.337868 107.761436
0.558996 109.666008 108.080360
0.559996 109.993835 108.421875
0.560996 110.321335 108.745811
0.561996 110.648521 109.074776
0.562996 110.975365 109.411270
0.563996 111.301880 109.745255
0.564996 111.628059 110.059151
0.565996 111.953888 110.398155
0.566996 112.279373 110.717079
0.567996 112.604500 111.058594
0.568996 112.929260 111.380020
0.569996 113.253662 111.719032
0.570996 113.577690 112.037949
0.571996 113.901344 112.369423
0.572996 114.224617 112.680801
0.573996 114.547508 113.012276
0.574996 114.870003 113.321152
0.575996 115.192101 113.665176
0.576996 115.513802 113.981583
0.577996 115.835106 114.315567
0.578996 116.155983 114.631973
0.579996 116.476463 114.948380
0.580996 116.796509 115.264786
0.581996 117.116135 115.598770
0.582996 117.435326 115.912666
0.583996 117.754074 116.244141
0.584996 118.072395 116.563057
0.585996 118.390274 116.892021
0.586996 118.707687 117.203407
0.587996 119.024651 117.527344
0.588996 119.341156 117.836220
0.589996 119.657204 118.157646
0.590996 119.972763 118.471542
0.591996 120.287865 118.797989
0.592996 120.602478 119.111885
0.593996 120.916603 119.435829
0.594996 121.230247 119.752235
0.595996 121.543396 120.066124
0.596996 121.856049 120.377510
0.597996 122.168198 120.693916
0.598996 122.479820 121.007812
0.599996 122.790955 121.326729
0.600996 123.101555 121.645645
0.601996 123.411644 121.962051
0.602996 123.721191 122.273438
0.603996 124.030212 122.582314
0.604996 124.338699 122.891182
0.605996 124.646645 123.197548
0.606996 124.954041 123.508926
0.607996 125.260887 123.820312
0.608996 125.567177 124.131699
0.609996 125.872902 124.443077
0.610996 126.178070 124.751953
0.611996 126.482666 125.058311
0.612996 126.786690 125.362167
0.613996 127.090126 125.666016
0.614996 127.392990 125.972374
0.615996 127.695259 126.276230
0.616996 127.996941 126.585098
0.617996 128.298019 126.891464
0.618996 128.598511 127.197823
0.619996 128.898376 127.501671
0.620996 129.197647 127.797989
0.621996 129.496307 128.096817
0.622996 129.794342 128.395645
0.623996 130.091736 128.696991
0.624996 130.388519 128.998322
0.625996 130.684662 129.302170
0.626996 130.980179 129.603516
0.627995 131.275040 129.902344
0.628995 131.569275 130.196152
0.629995 131.862839 130.494980
0.630995 132.155762 130.788788
0.631995 132.448029 131.085098
0.632995 132.739624 131.381424
0.633995 133.030548 131.677734
0.634995 133.320816 131.979080
0.635995 133.610413 132.272873
0.636995 133.899307 132.566681
0.637995 134.187531 132.852951
0.638995 134.475067 133.144257
0.639995 134.761902 133.430527
0.640995 135.048050 133.719315
0.641995 135.333496 134.010605
0.642995 135.618240 134.301895
0.643995 135.902267 134.590683
0.644995 136.185577 134.879471
0.645995 136.468185 135.168243
0.646995 136.750076 135.454514
0.647995 137.031219 135.733261
0.648995 137.311646 136.014511
0.649995 137.591354 136.298264
0.650995 137.870300 136.582031
0.651995 138.148529 136.868301
0.652995 138.425995 137.152069
0.653995 138.702728 137.435822
0.654995 138.978699 137.714569
0.655995 139.253922 137.993301
0.656995 139.528366 138.267014
0.657995 139.802063 138.540741
0.658995 140.074982 138.816971
0.659995 140.347137 139.093185
0.660995 140.618530 139.371933
0.661995 140.889130 139.648163
0.662995 141.158951 139.931915
0.663995 141.427979 140.195587
0.664995 141.696213 140.484375
0.665995 141.963669 140.740509
0.666995 142.230316 141.009201
0.667995 142.496170 141.277908
0.668995 142.761215 141.549103
0.669995 143.025452 141.820312
0.670995 143.288879 142.104080
0.671995 143.551498 142.365234
0.672995 143.813293 142.638947
0.673995 144.074249 142.897598
0.674995 144.334412 143.163788
0.675995 144.593719 143.409882
0.676995 144.852203 143.668533
0.677995 145.109863 143.912109
0.678995 145.366669 144.168243
0.679995 145.622635 144.414337
0.680995 145.877777 144.670486
0.681995 146.132050 144.916580
0.682995 146.385468 145.170197
0.683995 146.638031 145.413788
0.684995 146.889740 145.664902
0.685995 147.140594 145.908478
0.686995 147.390564 146.157089
0.687995 147.639679 146.400665
0.688995 147.887924 146.656815
0.689995 148.135300 146.902908
0.690995 148.381790 147.159042
0.691995 148.627396 147.410156
0.692995 148.872131 147.666290
0.693995 149.115967 147.912384
0.694995 149.358917 148.166016
0.695995 149.600983 148.407089
0.696995 149.842148 148.660721
0.697995 150.082413 148.899277
0.698995 150.321777 149.155411
0.699995 150.560242 149.396484
0.700995 150.797806 149.650116
0.701995 151.034439 149.893692
0.702995 151.270172 150.144806
0.703995 151.504990 150.383377
0.704994 151.738892 150.631973
0.705994 151.971878 150.863007
0.706994 152.203934 151.106583
0.707994 152.435074 151.335098
0.708994 152.665268 151.566132
0.709994 152.894547 151.807205
0.710994 153.122879 152.043243
0.711994 153.350281 152.291855
0.712994 153.576752 152.530411
0.713994 153.802277 152.784042
0.714994 154.026855 153.032639
0.715994 154.250488 153.263672
0.716994 154.473175 153.502228
0.717994 154.694916 153.720703
0.718994 154.915695 153.951736
0.719994 155.135529 154.165176
0.720994 155.354385 154.391190
0.721994 155.572296 154.599609
0.722994 155.789246 154.823105
0.723994 156.005249 155.029022
0.724994 156.220261 155.247482
0.725994 156.434311 155.450897
0.726994 156.647400 155.666855
0.727994 156.859497 155.862717
0.728994 157.070633 156.078690
0.729994 157.280777 156.282089
0.730994 157.489960 156.495529
0.731994 157.698166 156.703964
0.732994 157.905380 156.919922
0.733994 158.111603 157.133377
0.734994 158.316849 157.349335
0.735994 158.521118 157.557755
0.736994 158.724365 157.771210
0.737994 158.926636 157.974609
0.738994 159.127930 158.185547
0.739994 159.328217 158.381424
0.740994 159.527512 158.584824
0.741994 159.725784 158.780685
0.742994 159.923080 158.984100
0.743994 160.119370 159.177460
0.744994 160.314651 159.380859
0.745994 160.508942 159.571701
0.746994 160.702209 159.775116
0.747994 160.894485 159.970978
0.748994 161.085739 160.176895
0.749994 161.275986 160.367752
0.750994 161.465225 160.568634
0.751994 161.653442 160.756973
0.752994 161.840652 160.955353
0.753994 162.026840 161.141190
0.754994 162.212021 161.332031
0.755994 162.396179 161.515350
0.756994 162.579315 161.706192
0.757994 162.761429 161.889511
0.758994 162.942520 162.082870
0.759994 163.122589 162.263672
0.760994 163.301651 162.454514
0.761994 163.479660 162.637833
0.762994 163.656662 162.826172
0.763994 163.832642 163.004471
0.764994 164.007568 163.187775
0.765994 164.181488 163.361053
0.766994 164.354385 163.539337
0.767994 164.526245 163.710098
0.768994 164.697067 163.888397
0.769994 164.866867 164.054123
0.770994 165.035614 164.229904
0.771994 165.203339 164.395645
0.772994 165.370041 164.571426
0.773994 165.535690 164.737167
0.774994 165.700333 164.912949
0.775994 165.863907 165.083710
0.776994 166.026474 165.254471
0.777994 166.187988 165.420197
0.778994 166.348465 165.590958
0.779994 166.507919 165.754181
0.780994 166.666321 165.919922
0.781994 166.823700 166.078125
0.782993 166.980042 166.241348
0.783993 167.135330 166.394531
0.784993 167.289581 166.555252
0.785993 167.442810 166.705917
0.786993 167.594986 166.866623
0.787993 167.746124 167.017303
0.788993 167.896225 167.178009
0.789993 168.045303 167.331192
0.790993 168.193329 167.489395
0.791993 168.340302 167.640060
0.792993 168.486252 167.795761
0.793993 168.631165 167.946426
0.794993 168.775040 168.099609
0.795993 168.917877 168.245255
0.796993 169.059677 168.395920
0.797993 169.200439 168.534042
0.798993 169.340164 168.682205
0.799993 169.478851 168.817795
0.800993 169.616486 168.963455
0.801993 169.753113 169.096542
0.802993 169.888687 169.239670
0.803993 170.023239 169.372772
0.804993 170.156738 169.518417
0.805993 170.289230 169.649002
0.806993 170.420670 169.794647
0.807993 170.551071 169.925217
0.808993 170.680450 170.068359
0.809993 170.808792 170.198944
0.810993 170.936127 170.342072
0.811993 171.062408 170.470139
0.812993 171.187668 170.605743
0.813993 171.311920 170.731308
0.814993 171.435120 170.861893
0.815993 171.557297 170.984940
0.816993 171.678467 171.113007
0.817993 171.798584 171.233536
0.818993 171.917709 171.356583
0.819993 172.035797 171.477127
0.820993 172.152878 171.597656
0.821993 172.268921 171.715683
0.822993 172.383957 171.836212
0.823993 172.497986 171.951736
0.824993 172.611008 172.072266
0.825993 172.722992 172.187775
0.826993 172.833969 172.308319
0.827993 172.943954 172.423828
0.828993 173.052917 172.541855
0.829993 173.160873 172.652344
0.830993 173.267838 172.770370
0.831993 173.373779 172.880859
0.832993 173.478729 172.993866
0.833993 173.582672 173.101837
0.834993 173.685623 173.212326
0.835993 173.787582 173.315292
0.836993 173.888535 173.423264
0.837993 173.988495 173.523712
0.838993 174.087479 173.626678
0.839993 174.185471 173.724609
0.840993 174.282455 173.825058
0.841993 174.378479 173.920486
0.842993 174.473526 174.020920
0.843993 174.567581 174.116348
0.844993 174.660645 174.214279
0.845993 174.752747 174.309708
0.846993 174.843887 174.407639
0.847993 174.934021 174.505585
0.848993 175.023209 174.606033
0.849993 175.111435 174.706467
0.850993 175.198700 174.804413
0.851993 175.285004 174.902344
0.852993 175.370346 174.997772
0.853993 175.454727 175.088165
0.854993 175.538162 175.178574
0.855993 175.620636 175.263947
0.856993 175.702164 175.351837
0.857993 175.782761 175.432205
0.858993 175.862411 175.515060
0.859993 175.941116 175.590408
0.860992 176.018906 175.673264
0.861992 176.095734 175.746094
0.862992 176.171661 175.826447
0.863992 176.246643 175.901779
0.864992 176.320694 175.982147
0.865992 176.393829 176.054962
0.866992 176.466064 176.132812
0.867992 176.537384 176.205643
0.868992 176.607773 176.283478
0.869992 176.677277 176.353790
0.870992 176.745865 176.431641
0.871992 176.813553 176.501953
0.872992 176.880356 176.572266
0.873992 176.946259 176.642578
0.874992 177.011261 176.712891
0.875992 177.075394 176.778183
0.876992 177.138626 176.845978
0.877992 177.201004 176.913788
0.878992 177.262497 176.979080
0.879992 177.323120 177.041855
0.880992 177.382874 177.107147
0.881992 177.441772 177.169922
0.882992 177.499802 177.232697
0.883992 177.556992 177.292969
0.884992 177.613312 177.353241
0.885992 177.668823 177.408478
0.886992 177.723450 177.473770
0.887992 177.777267 177.524002
0.888992 177.830246 177.581757
0.889992 177.882385 177.634491
0.890992 177.933701 177.692245
0.891992 177.984207 177.747482
0.892992 178.033905 177.805252
0.893992 178.082764 177.857986
0.894992 178.130829 177.913223
0.895992 178.178116 177.963455
0.896992 178.224564 178.018692
0.897992 178.270264 178.068924
0.898992 178.315155 178.119141
0.899992 178.359268 178.164337
0.900992 178.402588 178.212051
0.901992 178.445160 178.254745
0.902992 178.486954 178.299942
0.903992 178.527985 178.340118
0.904992 178.568268 178.385330
0.905992 178.607773 178.425507
0.906992 178.646561 178.465683
0.907992 178.684601 178.505859
0.908992 178.721893 178.546036
0.909992 178.758469 178.586212
0.910992 178.794312 178.623886
0.911992 178.829422 178.664062
0.912992 178.863861 178.701736
0.913992 178.897537 178.739395
0.914992 178.930557 178.774551
0.915992 178.962845 178.812225
0.916992 178.994476 178.847382
0.917992 179.025391 178.880020
0.918992 179.055649 178.915176
0.919992 179.085205 178.947830
0.920992 179.114136 178.980469
0.921992 179.142380 179.008087
0.922992 179.169968 179.040741
0.923992 179.196899 179.068359
0.924992 179.223206 179.098495
0.925992 179.248871 179.123611
0.926992 179.273895 179.153732
0.927992 179.298309 179.178848
0.928992 179.322098 179.206467
0.929992 179.345276 179.234100
0.930992 179.367859 179.259201
0.931992 179.389847 179.284317
0.932992 179.411224 179.309433
0.933992 179.432022 179.329514
0.934992 179.452255 179.354630
0.935992 179.471909 179.374725
0.936992 179.490997 179.397324
0.937991 179.509537 179.417404
0.938991 179.527512 179.440018
0.939991 179.544952 179.457596
0.940991 179.561859 179.477676
0.941991 179.578247 179.495255
0.942991 179.594101 179.512833
0.943991 179.609436 179.530411
0.944991 179.624268 179.547989
0.945991 179.638611 179.563065
0.946991 179.652435 179.580643
0.947991 179.665802 179.595703
0.948991 179.678696 179.610764
0.949991 179.691101 179.625839
0.950991 179.703049 179.640900
0.951991 179.714554 179.653458
0.952991 179.725601 179.668533
0.953991 179.736206 179.678574
0.954991 179.746399 179.693634
0.955991 179.756165 179.703690
0.956991 179.765503 179.716232
0.957991 179.774445 179.726288
0.958991 179.783005 179.736328
0.959991 179.791138 179.746368
0.960991 179.798904 179.756424
0.961991 179.806305 179.763947
0.962991 179.813354 179.774002
0.963991 179.820023 179.781525
0.964991 179.826355 179.791580
0.965991 179.832367 179.796600
0.966991 179.838013 179.804123
0.967991 179.843353 179.809158
0.968991 179.848373 179.819199
0.969991 179.853104 179.824219
0.970991 179.857529 179.829239
0.971991 179.861664 179.834259
0.972991 179.865540 179.839279
0.973991 179.869125 179.844315
0.974991 179.872467 179.849335
0.975991 179.875534 179.854355
0.976991 179.878387 179.859375
0.977991 179.880997 179.861893
0.978991 179.883392 179.866913
0.979991 179.885559 179.866913
0.980991 179.887543 179.871933
0.981991 179.889328 179.874435
0.982991 179.890915 179.876953
0.983991 179.892349 179.876953
0.984991 179.893616 179.879471
0.985991 179.894714 179.879471
0.986991 179.895676 179.881973
0.987991 179.896500 179.884491
0.988991 179.897202 179.884491
0.989991 179.897766 179.886993
0.990991 179.898254 179.889511
0.991991 179.898636 179.889511
0.992991 179.898941 179.892014
0.993991 179.899155 179.892014
0.994991 179.899338 179.892014
0.995991 179.899429 179.892014
0.996991 179.899521 179.892014
0.997991 179.899536 179.892014
0.998991 179.899551 179.892014
