0.000000 0.000000 0
0.001000 0.000898 0
0.002000 0.003584 0
0.003000 0.008047 0
0.004000 0.014277 0
0.005000 0.022263 0
0.006000 0.031995 0
0.007000 0.043461 0
0.008000 0.056650 0
0.009000 0.071554 0
0.010000 0.088160 0
0.011000 0.106458 0
0.012000 0.126438 0
0.013000 0.148088 0
0.014000 0.171400 0
0.015000 0.196361 0
0.016000 0.222962 0
0.017000 0.251192 0
0.018000 0.281040 0
0.019000 0.312497 0
0.020000 0.345551 0
0.021000 0.380193 0
0.022000 0.416412 0
0.023000 0.454198 0
0.024000 0.493540 0
0.025000 0.534428 0
0.026000 0.576853 0
0.027000 0.620802 0
0.028000 0.666268 0
0.029000 0.713238 0
0.030000 0.761704 0
0.031000 0.811654 0
0.032000 0.863079 0
0.033000 0.915969 0
0.034000 0.970314 0
0.035000 1.026102 0
0.036000 1.083326 0
0.037000 1.141973 0
0.038000 1.202035 0
0.039000 1.263502 0
0.040000 1.326363 0
0.041000 1.390608 1
0.042000 1.456228 0
0.043000 1.523213 1
0.044000 1.591552 1
0.045000 1.661237 1
0.046000 1.732256 1
0.047000 1.804601 1
0.048000 1.878261 1
0.049000 1.953228 1
0.050000 2.029490 1
0.051000 2.107038 1
0.052000 2.185863 1
0.053000 2.265955 2
0.054000 2.347304 1
0.055000 2.429901 2
0.056000 2.513736 2
0.057000 2.598799 2
0.058000 2.685080 2
0.059000 2.772571 2
0.060000 2.861262 2
0.061000 2.951143 2
0.062000 3.042205 2
0.063000 3.134438 2
0.064000 3.227834 2
0.065000 3.322381 3
0.066000 3.418072 2
0.067000 3.514896 2
0.068000 3.612844 2
0.069000 3.711908 3
0.070000 3.812077 3
0.071000 3.913342 3
0.072000 4.015695 2
0.073000 4.119125 3
0.074000 4.223624 3
0.075000 4.329181 3
0.076000 4.435790 3
0.077000 4.543439 4
0.078000 4.652120 4
0.079000 4.761824 3
0.080000 4.872541 4
0.081000 4.984264 4
0.082000 5.096981 4
0.083000 5.210685 4
0.084000 5.325366 4
0.085000 5.441017 4
0.086000 5.557626 5
0.087000 5.675187 5
0.088000 5.793688 4
0.089000 5.913123 4
0.090000 6.033481 5
0.091000 6.154754 5
0.092000 6.276933 5
0.093000 6.400010 5
0.094000 6.523975 5
0.095000 6.648820 5
0.096000 6.774536 6
0.097000 6.901114 6
0.098000 7.028546 6
0.099000 7.156822 6
0.100000 7.285935 6
0.101000 7.415875 6
0.102000 7.546635 6
0.103000 7.678204 6
0.104000 7.810575 7
0.105000 7.943740 7
0.106000 8.077689 7
0.107000 8.212415 7
0.108000 8.347907 7
0.109000 8.484159 7
0.110000 8.621161 7
0.111000 8.758906 8
0.112000 8.897385 8
0.113000 9.036590 8
0.114000 9.176511 8
0.115000 9.317142 8
0.116000 9.458471 8
0.117000 9.600494 8
0.118000 9.743200 8
0.119000 9.886582 9
0.120000 10.030633 9
0.121000 10.175342 8
0.122000 10.320702 9
0.123000 10.466703 9
0.124000 10.613340 9
0.125000 10.760604 9
0.126000 10.908486 10
0.127000 11.056979 10
0.128000 11.206074 10
0.129000 11.355762 10
0.130000 11.506037 10
0.131000 11.656891 10
0.132000 11.808314 11
0.133000 11.960299 11
0.134000 12.112840 10
0.135000 12.265926 11
0.136000 12.419552 11
0.137000 12.573707 11
0.138000 12.728385 12
0.139000 12.883579 11
0.140000 13.039280 11
0.141000 13.195480 12
0.142000 13.352172 12
0.143000 13.509347 12
0.144000 13.667000 13
0.145000 13.825120 12
0.146000 13.983701 12
0.147000 14.142735 12
0.148000 14.302215 12
0.149000 14.462132 13
0.150000 14.622480 13
0.151000 14.783252 13
0.152000 14.944437 13
0.153000 15.106031 13
0.154000 15.268025 14
0.155000 15.430412 14
0.156000 15.593184 14
0.157000 15.756333 14
0.158000 15.919853 15
0.159000 16.083738 14
0.160000 16.247976 15
0.161000 16.412561 14
0.162000 16.577492 15
0.163000 16.742752 15
0.164000 16.908342 15
0.165000 17.074247 16
0.166000 17.240467 15
0.167000 17.406990 15
0.168000 17.573812 16
0.169000 17.740923 15
0.170000 17.908318 16
0.171000 18.075989 16
0.172000 18.243927 17
0.173000 18.412128 17
0.174000 18.580585 17
0.175000 18.749287 17
0.176000 18.918232 17
0.177000 19.087410 17
0.178000 19.256813 17
0.179000 19.426437 18
0.180000 19.596273 18
0.181000 19.766317 18
0.182000 19.936558 18
0.183000 20.106991 18
0.184000 20.277609 19
0.185000 20.448406 19
0.186000 20.619375 19
0.187000 20.790508 19
0.188000 20.961800 20
0.189000 21.133242 20
0.190000 21.304831 20
0.191000 21.476553 20
0.192000 21.648409 20
0.193000 21.820389 20
0.194000 21.992487 21
0.195000 22.164698 21
0.196000 22.337011 20
0.197000 22.509424 21
0.198000 22.681927 21
0.199000 22.854515 20
0.200000 23.027182 21
0.201000 23.199921 21
0.202000 23.372725 21
0.203000 23.545588 21
0.204000 23.718504 22
0.205000 23.891468 22
0.206000 24.064470 22
0.207000 24.237505 23
0.208000 24.410566 23
0.209000 24.583651 23
0.210000 24.756748 24
0.211000 24.929855 24
0.212000 25.102964 24
0.213000 25.276068 24
0.214000 25.449162 24
0.215000 25.622240 24
0.216000 25.795294 24
0.217000 25.968319 25
0.218000 26.141310 25
0.219000 26.314259 24
0.220000 26.487162 25
0.221000 26.660011 25
0.222000 26.832800 26
0.223000 27.005524 24
0.224000 27.178179 25
0.225000 27.350754 26
0.226000 27.523247 26
0.227000 27.695650 27
0.228000 27.867960 26
0.229000 28.040167 26
0.230000 28.212267 27
0.231000 28.384254 26
0.232000 28.556126 27
0.233000 28.727869 27
0.234000 28.899485 27
0.235000 29.070965 27
0.236000 29.242304 28
0.237000 29.413494 28
0.238000 29.584534 28
0.239000 29.755411 28
0.240000 29.926126 28
0.241000 30.096674 28
0.242000 30.267042 29
0.243000 30.437233 29
0.244000 30.607233 30
0.245000 30.777044 30
0.246000 30.946659 30
0.247000 31.116068 29
0.248000 31.285269 30
0.249000 31.454256 29
0.250000 31.623024 30
0.251000 31.791563 30
0.252000 31.959873 30
0.253000 32.127949 30
0.254000 32.295784 31
0.255000 32.463371 31
0.256000 32.630707 31
0.257000 32.797783 31
0.258000 32.964600 32
0.259000 33.131149 32
0.260000 33.297424 32
0.261000 33.463425 32
0.262000 33.629139 33
0.263000 33.794571 32
0.264000 33.959702 32
0.265000 34.124538 32
0.266000 34.289074 32
0.267000 34.453297 32
0.268000 34.617207 33
0.269000 34.780804 33
0.270000 34.944069 34
0.271000 35.107010 34
0.272000 35.269619 33
0.273000 35.431885 34
0.274000 35.593811 34
0.275000 35.755386 34
0.276000 35.916611 35
0.277000 36.077480 34
0.278000 36.237980 35
0.279000 36.398121 35
0.280000 36.557884 35
0.281000 36.717270 35
0.282000 36.876274 36
0.283000 37.034893 36
0.284000 37.193119 36
0.285000 37.350952 36
0.286000 37.508385 36
0.287000 37.665405 36
0.288000 37.822025 36
0.289000 37.978226 36
0.290000 38.134010 36
0.291000 38.289368 36
0.292000 38.444298 37
0.293000 38.598797 37
0.294000 38.752861 37
0.295000 38.906479 37
0.296000 39.059654 38
0.297000 39.212376 38
0.298000 39.364647 38
0.299000 39.516457 38
0.300000 39.667805 38
0.301000 39.818684 38
0.302000 39.969090 38
0.303000 40.119019 38
0.304000 40.268475 39
0.305000 40.417435 40
0.306000 40.565914 40
0.307000 40.713898 40
0.308000 40.861382 40
0.309000 41.008366 40
0.310000 41.154842 40
0.311000 41.300816 40
0.312000 41.446270 40
0.313000 41.591206 40
0.314000 41.735622 41
0.314999 41.879509 41
0.315999 42.022869 41
0.316999 42.165691 40
0.317999 42.307980 41
0.318999 42.449722 42
0.319999 42.590923 42
0.320999 42.731571 41
0.321999 42.871666 41
0.322999 43.011208 42
0.323999 43.150181 42
0.324999 43.288593 42
0.325999 43.426437 42
0.326999 43.563705 43
0.327999 43.700397 43
0.328999 43.836514 43
0.329999 43.972042 42
0.330999 44.106983 43
0.331999 44.241337 42
0.332999 44.375092 43
0.333999 44.508247 43
0.334999 44.640804 43
0.335999 44.772755 44
0.336999 44.904095 44
0.337999 45.034824 44
0.338999 45.164936 44
0.339999 45.294426 44
0.340999 45.423294 44
0.341999 45.551537 44
0.342999 45.679150 44
0.343999 45.806129 45
0.344999 45.932472 45
0.345999 46.058174 45
0.346999 46.183231 45
0.347999 46.307644 46
0.348999 46.431404 45
0.349999 46.554512 45
0.350999 46.676964 46
0.351999 46.798756 45
0.352999 46.919888 45
0.353999 47.040348 46
0.354999 47.160141 46
0.355999 47.279263 47
0.356999 47.397709 46
0.357999 47.515472 47
0.358999 47.632557 47
0.359999 47.748955 47
0.360999 47.864670 46
0.361999 47.979687 48
0.362999 48.094013 47
0.363999 48.207645 47
0.364999 48.320576 48
0.365999 48.432804 48
0.366999 48.544323 47
0.367999 48.655140 47
0.368999 48.765240 47
0.369999 48.874626 47
0.370999 48.983295 47
0.371999 49.091251 47
0.372999 49.198479 48
0.373999 49.304981 49
0.374999 49.410751 49
0.375999 49.515797 49
0.376999 49.620106 48
0.377999 49.723679 48
0.378999 49.826515 48
0.379999 49.928612 49
0.380999 50.029961 49
0.381999 50.130562 49
0.382999 50.230419 50
0.383999 50.329517 50
0.384999 50.427868 49
0.385999 50.525455 49
0.386999 50.622288 49
0.387999 50.718361 49
0.388999 50.813667 49
0.389999 50.908207 50
0.390999 51.001976 50
0.391998 51.094975 50
0.392998 51.187202 50
0.393998 51.278652 50
0.394998 51.369324 50
0.395998 51.459217 50
0.396998 51.548325 50
0.397998 51.636646 51
0.398998 51.724186 51
0.399998 51.810932 52
0.400998 51.896889 51
0.401998 51.982052 51
0.402998 52.066418 50
0.403998 52.149982 51
0.404998 52.232754 51
0.405998 52.314720 51
0.406998 52.395882 51
0.407998 52.476238 52
0.408998 52.555790 52
0.409998 52.634525 52
0.410998 52.712452 52
0.411998 52.789562 52
0.412998 52.865856 51
0.413998 52.941338 52
0.414998 53.015995 53
0.415998 53.089832 52
0.416998 53.162849 53
0.417998 53.235035 53
0.418998 53.306396 53
0.419998 53.376930 52
0.420998 53.446632 52
0.421998 53.515503 53
0.422998 53.583538 53
0.423998 53.650742 53
0.424998 53.717106 53
0.425998 53.782631 53
0.426998 53.847317 53
0.427998 53.911160 53
0.428998 53.974159 53
0.429998 54.036312 53
0.430998 54.097626 53
0.431998 54.158081 54
0.432998 54.217693 54
0.433998 54.276455 54
0.434998 54.334362 53
0.435998 54.391415 53
0.436998 54.447613 53
0.437998 54.502953 53
0.438998 54.557434 53
0.439998 54.611057 54
0.440998 54.663822 54
0.441998 54.715725 54
0.442998 54.766762 54
0.443998 54.816936 53
0.444998 54.866245 54
0.445998 54.914684 54
0.446998 54.962257 54
0.447998 55.008965 55
0.448998 55.054798 55
0.449998 55.099758 55
0.450998 55.143852 53
0.451998 55.187065 55
0.452998 55.229408 54
0.453998 55.270878 54
0.454998 55.311466 55
0.455998 55.351173 55
0.456998 55.390011 54
0.457998 55.427959 55
0.458998 55.465038 55
0.459998 55.501228 55
0.460998 55.536541 55
0.461998 55.570965 55
0.462998 55.604507 55
0.463998 55.637165 56
0.464998 55.668941 55
0.465998 55.699825 55
0.466998 55.729832 54
0.467998 55.758938 55
0.468998 55.787163 55
0.469997 55.814495 55
0.470997 55.840942 55
0.471997 55.866497 55
0.472997 55.891159 55
0.473997 55.914928 55
0.474997 55.937813 55
0.475997 55.959797 54
0.476997 55.980892 55
0.477997 56.001095 56
0.478997 56.020397 56
0.479997 56.038807 57
0.480997 56.056320 56
0.481997 56.072945 56
0.482997 56.088665 55
0.483997 56.103497 55
0.484997 56.117424 54
0.485997 56.130459 56
0.486997 56.142597 56
0.487997 56.153835 56
0.488997 56.164177 56
0.489997 56.173618 56
0.490997 56.182167 56
0.491997 56.189812 55
0.492997 56.196560 55
0.493997 56.202404 56
0.494997 56.207355 56
0.495997 56.211403 57
0.496997 56.214558 55
0.497997 56.216805 55
0.498997 56.218159 55
0.499997 56.218609 55
0.500997 56.218166 55
0.501997 56.216820 56
0.502997 56.214569 56
0.503997 56.211422 56
0.504997 56.207382 55
0.505997 56.202438 55
0.506997 56.196590 55
0.507997 56.189850 56
0.508997 56.182213 57
0.509997 56.173672 57
0.510997 56.164234 57
0.511997 56.153896 56
0.512997 56.142662 55
0.513997 56.130531 55
0.514997 56.117504 55
0.515997 56.103580 56
0.516997 56.088757 56
0.517997 56.073036 56
0.518997 56.056419 56
0.519997 56.038914 56
0.520997 56.020504 56
0.521997 56.001205 55
0.522997 55.981010 55
0.523997 55.959923 56
0.524997 55.937943 56
0.525997 55.915066 57
0.526997 55.891296 56
0.527997 55.866642 56
0.528997 55.841091 55
0.529997 55.814655 56
0.530997 55.787327 56
0.531997 55.759106 56
0.532997 55.730000 56
0.533997 55.700005 56
0.534997 55.669125 56
0.535997 55.637356 56
0.536997 55.604702 56
0.537997 55.571163 57
0.538997 55.536739 57
0.539997 55.501438 58
0.540997 55.465248 58
0.541997 55.428177 57
0.542997 55.390228 57
0.543997 55.351402 56
0.544997 55.311695 57
0.545997 55.271111 56
0.546997 55.229652 57
0.547997 55.187313 56
0.548997 55.144100 57
0.549996 55.100018 56
0.550996 55.055061 56
0.551996 55.009232 56
0.552996 54.962532 56
0.553996 54.914967 56
0.554996 54.866528 56
0.555996 54.817223 56
0.556996 54.767056 55
0.557996 54.716022 54
0.558996 54.664124 54
0.559996 54.611366 54
0.560996 54.557747 54
0.561996 54.503269 54
0.562996 54.447933 54
0.563996 54.391739 54
0.564996 54.334690 54
0.565996 54.276791 53
0.566996 54.218033 54
0.567996 54.158428 54
0.568996 54.097973 54
0.569996 54.036671 54
0.570996 53.974518 55
0.571996 53.911526 53
0.572996 53.847687 53
0.573996 53.783009 53
0.574996 53.717484 53
0.575996 53.651127 53
0.576996 53.583927 53
0.577996 53.515900 53
0.578996 53.447033 54
0.579996 53.377335 53
0.580996 53.306805 54
0.581996 53.235451 53
0.582996 53.163265 53
0.583996 53.090256 52
0.584996 53.016422 53
0.585996 52.941769 53
0.586996 52.866295 54
0.587996 52.790005 53
0.588996 52.712894 52
0.589996 52.634975 52
0.590996 52.556244 51
0.591996 52.476700 51
0.592996 52.396347 51
0.593996 52.315189 51
0.594996 52.233227 51
0.595996 52.150463 51
0.596996 52.066898 50
0.597996 51.982536 50
0.598996 51.897381 50
0.599996 51.811428 50
0.600996 51.724686 51
0.601996 51.637154 51
0.602996 51.548836 52
0.603996 51.459732 51
0.604996 51.369843 52
0.605996 51.279179 51
0.606996 51.187733 51
0.607996 51.095509 51
0.608996 51.002514 52
0.609996 50.908749 52
0.610996 50.814213 52
0.611996 50.718910 52
0.612996 50.622845 52
0.613996 50.526016 51
0.614996 50.428429 52
0.615996 50.330086 52
0.616996 50.230991 51
0.617996 50.131138 51
0.618996 50.030540 51
0.619996 49.929195 52
0.620996 49.827106 51
0.621996 49.724274 50
0.622996 49.620705 50
0.623996 49.516399 49
0.624996 49.411362 50
0.625996 49.305588 50
0.626996 49.199093 50
0.627995 49.091869 50
0.628995 48.983921 50
0.629995 48.875256 50
0.630995 48.765873 49
0.631995 48.655773 49
0.632995 48.544964 49
0.633995 48.433445 49
0.634995 48.321224 49
0.635995 48.208298 49
0.636995 48.094673 49
0.637995 47.980350 48
0.638995 47.865334 48
0.639995 47.749626 48
0.640995 47.633228 47
0.641995 47.516148 47
0.642995 47.398388 47
0.643995 47.279945 47
0.644995 47.160828 48
0.645995 47.041042 47
0.646995 46.920582 47
0.647995 46.799458 47
0.648995 46.677670 47
0.649995 46.555218 47
0.650995 46.432114 46
0.651995 46.308357 47
0.652995 46.183949 46
0.653995 46.058895 46
0.654995 45.933197 47
0.655995 45.806858 46
0.656995 45.679882 46
0.657995 45.552273 46
0.658995 45.424038 45
0.659995 45.295170 45
0.660995 45.165680 46
0.661995 45.035572 45
0.662995 44.904846 45
0.663995 44.773510 45
0.664995 44.641563 45
0.665995 44.509014 45
0.666995 44.375858 44
0.667995 44.242107 44
0.668995 44.107761 44
0.669995 43.972820 44
0.670995 43.837292 44
0.671995 43.701183 44
0.672995 43.564491 45
0.673995 43.427227 45
0.674995 43.289391 44
0.675995 43.150978 44
0.676995 43.012009 43
0.677995 42.872471 42
0.678995 42.732380 42
0.679995 42.591736 43
0.680995 42.450539 42
0.681995 42.308796 43
0.682995 42.166512 43
0.683995 42.023689 43
0.684995 41.880333 43
0.685995 41.736450 42
0.686995 41.592037 43
0.687995 41.447102 41
0.688995 41.301651 41
0.689995 41.155689 42
0.690995 41.009209 42
0.691995 40.862228 41
0.692995 40.714748 41
0.693995 40.566765 42
0.694995 40.418293 42
0.695995 40.269329 40
0.696995 40.119884 40
0.697995 39.969955 39
0.698995 39.819550 39
0.699995 39.668671 39
0.700995 39.517330 39
0.701995 39.365520 39
0.702995 39.213257 39
0.703995 39.060532 39
0.704994 38.907360 40
0.705994 38.753742 39
0.706994 38.599686 39
0.707994 38.445187 39
0.708994 38.290260 39
0.709994 38.134903 38
0.710994 37.979122 38
0.711994 37.822922 38
0.712994 37.666309 39
0.713994 37.509285 39
0.714994 37.351856 38
0.715994 37.194027 38
0.716994 37.035805 38
0.717994 36.877186 37
0.718994 36.718185 36
0.719994 36.558804 36
0.720994 36.399040 36
0.721994 36.238903 36
0.722994 36.078403 36
0.723994 35.917542 36
0.724994 35.756317 36
0.725994 35.594742 36
0.726994 35.432819 35
0.727994 35.270550 36
0.728994 35.107944 36
0.729994 34.945007 35
0.730994 34.781742 35
0.731994 34.618149 34
0.732994 34.454239 34
0.733994 34.290016 34
0.734994 34.125488 35
0.735994 33.960651 35
0.736994 33.795517 34
0.737994 33.630093 34
0.738994 33.464378 34
0.739994 33.298382 33
0.740994 33.132107 34
0.741994 32.965561 33
0.742994 32.798744 33
0.743994 32.631668 32
0.744994 32.464333 32
0.745994 32.296749 32
0.746994 32.128914 32
0.747994 31.960840 32
0.748994 31.792534 32
0.749994 31.623995 32
0.750994 31.455231 32
0.751994 31.286247 32
0.752994 31.117048 32
0.753994 30.947643 31
0.754994 30.778034 32
0.755994 30.608227 31
0.756994 30.438227 31
0.757994 30.268044 30
0.758994 30.097677 30
0.759994 29.927134 30
0.760994 29.756424 30
0.761994 29.585546 30
0.762994 29.414511 30
0.763994 29.243322 30
0.764994 29.071989 30
0.765994 28.900515 29
0.766994 28.728901 30
0.767994 28.557158 29
0.768994 28.385290 29
0.769994 28.213306 28
0.770994 28.041210 28
0.771994 27.869005 28
0.772994 27.696699 28
0.773994 27.524300 28
0.774994 27.351809 28
0.775994 27.179237 27
0.776994 27.006586 27
0.777994 26.833866 27
0.778994 26.661077 28
0.779994 26.488234 27
0.780994 26.315332 27
0.781994 26.142385 27
0.782993 25.969398 27
0.783993 25.796375 27
0.784993 25.623325 26
0.785993 25.450251 26
0.786993 25.277159 26
0.787993 25.104057 26
0.788993 24.930952 26
0.789993 24.757847 25
0.790993 24.584753 25
0.791993 24.411673 25
0.792993 24.238611 25
0.793993 24.065578 25
0.794993 23.892578 25
0.795993 23.719618 24
0.796993 23.546705 24
0.797993 23.373842 24
0.798993 23.201040 23
0.799993 23.028303 24
0.800993 22.855640 24
0.801993 22.683054 23
0.802993 22.510551 23
0.803993 22.338140 22
0.804993 22.165829 22
0.805993 21.993622 22
0.806993 21.821526 22
0.807993 21.649548 22
0.808993 21.477694 22
0.809993 21.305969 22
0.810993 21.134384 22
0.811993 20.962944 21
0.812993 20.791655 21
0.813993 20.620522 21
0.814993 20.449556 21
0.815993 20.278759 21
0.816993 20.108143 21
0.817993 19.937710 20
0.818993 19.767469 21
0.819993 19.597429 19
0.820993 19.427593 20
0.821993 19.257971 19
0.822993 19.088568 20
0.823993 18.919390 19
0.824993 18.750448 19
0.825993 18.581743 18
0.826993 18.413290 19
0.827993 18.245090 19
0.828993 18.077150 18
0.829993 17.909481 18
0.830993 17.742088 19
0.831993 17.574976 18
0.832993 17.408155 19
0.833993 17.241632 18
0.834993 17.075415 18
0.835993 16.909508 17
0.836993 16.743919 17
0.837993 16.578657 17
0.838993 16.413729 17
0.839993 16.249142 16
0.840993 16.084904 17
0.841993 15.921021 16
0.842993 15.757499 16
0.843993 15.594349 16
0.844993 15.431578 16
0.845993 15.269190 15
0.846993 15.107195 15
0.847993 14.945601 15
0.848993 14.784414 15
0.849993 14.623643 15
0.850993 14.463295 15
0.851993 14.303377 15
0.852993 14.143895 15
0.853993 13.984860 14
0.854993 13.826278 14
0.855993 13.668157 14
0.856993 13.510504 15
0.857993 13.353327 14
0.858993 13.196634 14
0.859993 13.040432 13
0.860992 12.884730 14
0.861992 12.729535 14
0.862992 12.574856 13
0.863992 12.420698 13
0.864992 12.267072 13
0.865992 12.113983 13
0.866992 11.961441 12
0.867992 11.809453 12
0.868992 11.658028 12
0.869992 11.507173 11
0.870992 11.356895 12
0.871992 11.207204 11
0.872992 11.058107 11
0.873992 10.909613 11
0.874992 10.761728 11
0.875992 10.614462 11
0.876992 10.467822 11
0.877992 10.321817 10
0.878992 10.176455 11
0.879992 10.031743 10
0.880992 9.887691 11
0.881992 9.744305 10
0.882992 9.601596 10
0.883992 9.459569 10
0.884992 9.318235 9
0.885992 9.177602 10
0.886992 9.037677 9
0.887992 8.898470 9
0.888992 8.759987 10
0.889992 8.622238 9
0.890992 8.485231 9
0.891992 8.348976 9
0.892992 8.213479 10
0.893992 8.078750 8
0.894992 7.944797 8
0.895992 7.811627 8
0.896992 7.679252 8
0.897992 7.547678 7
0.898992 7.416914 7
0.899992 7.286970 7
0.900992 7.157852 7
0.901992 7.029571 7
0.902992 6.902134 7
0.903992 6.775551 7
0.904992 6.649830 7
0.905992 6.524980 7
0.906992 6.401009 6
0.907992 6.277927 7
0.908992 6.155743 6
0.909992 6.034463 7
0.910992 5.914100 6
0.911992 5.794660 7
0.912992 5.676152 7
0.913992 5.558586 6
0.914992 5.441970 6
0.915992 5.326314 5
0.916992 5.211627 5
0.917992 5.097916 4
0.918992 4.985192 5
0.919992 4.873463 4
0.920992 4.762739 4
0.921992 4.653028 4
0.922992 4.544340 5
0.923992 4.436684 5
0.924992 4.330068 4
0.925992 4.224503 4
0.926992 4.119997 5
0.927992 4.016560 4
0.928992 3.914199 4
0.929992 3.812926 5
0.930992 3.712749 4
0.931992 3.613678 5
0.932992 3.515722 4
0.933992 3.418889 4
0.934992 3.323190 4
0.935992 3.228634 3
0.936992 3.135231 3
0.937991 3.042989 3
0.938991 2.951918 3
0.939991 2.862028 2
0.940991 2.773328 2
0.941991 2.685827 3
0.942991 2.599536 2
0.943991 2.514463 2
0.944991 2.430619 2
0.945991 2.348012 2
0.946991 2.266653 2
0.947991 2.186551 2
0.948991 2.107716 2
0.949991 2.030158 2
0.950991 1.953885 2
0.951991 1.878908 2
0.952991 1.805237 2
0.953991 1.732882 2
0.954991 1.661851 2
0.955991 1.592156 2
0.956991 1.523805 2
0.957991 1.456810 1
0.958991 1.391178 1
0.959991 1.326922 1
0.960991 1.264049 1
0.961991 1.202571 1
0.962991 1.142497 1
0.963991 1.083838 1
0.964991 1.026603 1
0.965991 0.970802 1
0.966991 0.916445 1
0.967991 0.863543 1
0.968991 0.812105 0
0.969991 0.762142 1
0.970991 0.713664 1
0.971991 0.666681 1
0.972991 0.621203 0
0.973991 0.577240 0
0.974991 0.534802 0
0.975991 0.493901 0
0.976991 0.454545 0
0.977991 0.416746 0
0.978991 0.380513 0
0.979991 0.345857 0
0.980991 0.312789 0
0.981991 0.281318 0
0.982991 0.251455 0
0.983991 0.223211 0
0.984991 0.196596 0
0.985991 0.171620 0
0.986991 0.148294 0
0.987991 0.126628 0
0.988991 0.106633 0
0.989991 0.088320 0
0.990991 0.071699 0
0.991991 0.056780 0
0.992991 0.043574 0
0.993991 0.032092 0
0.994991 0.022345 0
0.995991 0.014343 0
0.996991 0.008097 0
0.997991 0.003617 0
0.998991 0.000914 0
