0.000000 -14
0.001000 -17
0.002000 -13
0.003000 -16
0.004000 -12
0.005000 -17
0.006000 -14
0.007000 -15
0.008000 -12
0.009000 30
0.010000 376
0.011000 585
0.012000 664
0.013000 708
0.014000 745
0.015000 776
0.016000 785
0.017000 805
0.018000 821
0.019000 823
0.020000 827
0.021000 840
0.022000 812
0.023000 834
0.024000 818
0.025000 814
0.026000 785
0.027000 808
0.028000 784
0.029000 786
0.030000 784
0.031000 784
0.032000 770
0.033000 769
0.034000 753
0.035000 751
0.036000 745
0.037000 713
0.038000 703
0.039000 699
0.040000 704
0.041000 697
0.042000 665
0.043000 665
0.044000 661
0.045000 662
0.046000 656
0.047000 655
0.048000 632
0.049000 619
0.050000 633
0.051000 608
0.052000 590
0.053000 572
0.054000 565
0.055000 566
0.056000 548
0.057000 525
0.058000 515
0.059000 499
0.060000 523
0.061000 473
0.062000 480
0.063000 444
0.064000 459
0.065000 435
0.066000 429
0.067000 426
0.068000 399
0.069000 378
0.070000 368
0.071000 353
0.072000 341
0.073000 320
0.074000 321
0.075000 313
0.076000 298
0.077000 285
0.078000 260
0.079000 268
0.080000 269
0.081000 230
0.082000 223
0.083000 224
0.084000 182
0.085000 176
0.086000 179
0.087000 156
0.088000 137
0.089000 140
0.090000 125
0.091000 107
0.092000 94
0.093000 87
0.094000 69
0.095000 55
0.096000 52
0.097000 38
0.098000 37
0.099000 21
0.100000 19
0.101000 0
0.102000 0
0.103000 -4
0.104000 -37
0.105000 -41
0.106000 -46
0.107000 -39
0.108000 -58
0.109000 -64
0.110000 -72
0.111000 -80
0.112000 -93
0.113000 -96
0.114000 -115
0.115000 -145
0.116000 -130
0.117000 -128
0.118000 -138
0.119000 -138
0.120000 -166
0.121000 -162
0.122000 -148
0.123000 -176
0.124000 -183
0.125000 -190
0.126000 -175
0.127000 -181
0.128000 -212
0.129000 -232
0.130000 -221
0.131000 -223
0.132000 -217
0.133000 -233
0.134000 -226
0.135000 -242
0.136000 -222
0.137000 -244
0.138000 -254
0.139000 -243
0.140000 -250
0.141000 -252
0.142000 -242
0.143000 -268
0.144000 -251
0.145000 -247
0.146000 -262
0.147000 -242
0.148000 -243
0.149000 -244
0.150000 -250
0.151000 -257
0.152000 -256
0.153000 -266
0.154000 -272
0.155000 -261
0.156000 -261
0.157000 -242
0.158000 -249
0.159000 -235
0.160000 -240
0.161000 -242
0.162000 -242
0.163000 -238
0.164000 -253
0.165000 -250
0.166000 -251
0.167000 -250
0.168000 -232
0.169000 -252
0.170000 -249
0.171000 -235
0.172000 -228
0.173000 -226
0.174000 -238
0.175000 -224
0.176000 -208
0.177000 -216
0.178000 -200
0.179000 -192
0.180000 -207
0.181000 -201
0.182000 -202
0.183000 -201
0.184000 -179
0.185000 -166
0.186000 -183
0.187000 -166
0.188000 -155
0.189000 -179
0.190000 -166
0.191000 -164
0.192000 -160
0.193000 -151
0.194000 -135
0.195000 -147
0.196000 -149
0.197000 -126
0.198000 -131
0.199000 -119
0.200000 -119
0.201000 -105
0.202000 -117
0.203000 -101
0.204000 -114
0.205000 -96
0.206000 -99
0.207000 -101
0.208000 -83
0.209000 -80
0.210000 -87
0.211000 -78
0.212000 -72
0.213000 -60
0.214000 -42
0.215000 -59
0.216000 -61
0.217000 -46
0.218000 -49
0.219000 -32
0.220000 -47
0.221000 -32
0.222000 -27
0.223000 -26
0.224000 -20
0.225000 -19
0.226000 -11
0.227000 -9
0.228000 -9
0.229000 -5
0.230000 0
0.231000 3
0.232000 21
0.233000 24
0.234000 19
0.235000 13
0.236000 13
0.237000 19
0.238000 28
0.239000 23
0.240000 20
0.241000 26
0.242000 35
0.243000 33
0.244000 35
0.245000 44
0.246000 39
0.247000 44
0.248000 49
0.249000 53
0.250000 55
0.251000 50
0.252000 53
0.253000 69
0.254000 72
0.255000 64
0.256000 69
0.257000 67
0.258000 47
0.259000 73
0.260000 73
0.261000 64
0.262000 75
0.263000 87
0.264000 78
0.265000 90
0.266000 82
0.267000 67
0.268000 89
0.269000 92
0.270000 72
0.271000 100
0.272000 78
0.273000 86
0.274000 91
0.275000 86
0.276000 91
0.277000 88
0.278000 74
0.279000 94
0.280000 92
0.281000 87
0.282000 89
0.283000 78
0.284000 84
0.285000 81
0.286000 90
0.287000 88
0.288000 86
0.289000 71
0.290000 97
0.291000 85
0.292000 74
0.293000 85
0.294000 85
0.295000 80
0.296000 87
0.297000 84
0.298000 79
0.299000 88
0.300000 76
0.301000 79
0.302000 89
0.303000 75
0.304000 76
0.305000 79
0.306000 84
0.307000 72
0.308000 79
0.309000 64
0.310000 50
0.311000 64
0.312000 64
0.313000 58
0.314000 81
0.314999 66
0.315999 62
0.316999 47
0.317999 53
0.318999 48
0.319999 60
0.320999 44
0.321999 41
0.322999 53
0.323999 56
0.324999 45
0.325999 41
0.326999 39
0.327999 48
0.328999 47
0.329999 39
0.330999 37
0.331999 37
0.332999 25
0.333999 41
0.334999 32
0.335999 29
0.336999 27
0.337999 33
0.338999 25
0.339999 22
0.340999 18
0.341999 23
0.342999 24
0.343999 20
0.344999 20
0.345999 17
0.346999 16
0.347999 14
0.348999 16
0.349999 14
0.350999 13
0.351999 13
0.352999 7
0.353999 6
0.354999 6
0.355999 6
0.356999 4
0.357999 3
0.358999 0
0.359999 0
0.360999 -2
0.361999 -2
0.362999 -10
0.363999 -10
0.364999 -8
0.365999 -8
0.366999 -5
0.367999 -4
0.368999 0
0.369999 0
0.370999 0
0.371999 0
0.372999 -2
0.373999 -16
0.374999 -25
0.375999 -22
0.376999 -20
0.377999 -15
0.378999 -17
0.379999 -15
0.380999 -21
0.381999 -22
0.382999 -27
0.383999 -26
0.384999 -23
0.385999 -22
0.386999 -25
0.387999 -21
0.388999 -24
0.389999 -29
0.390999 -33
0.391998 -31
0.392998 -29
0.393998 -30
0.394998 -28
0.395998 -30
0.396998 -19
0.397998 -24
0.398998 -31
0.399998 -33
0.400998 -30
0.401998 -28
0.402998 -29
0.403998 -29
0.404998 -27
0.405998 -26
0.406998 -39
0.407998 -27
0.408998 -24
0.409998 -24
0.410998 -22
0.411998 -29
0.412998 -32
0.413998 -22
0.414998 -33
0.415998 -32
0.416998 -33
0.417998 -28
0.418998 -26
0.419998 -30
0.420998 -32
0.421998 -22
0.422998 -20
0.423998 -26
0.424998 -26
0.425998 -28
0.426998 -29
0.427998 -24
0.428998 -26
0.429998 -26
0.430998 -23
0.431998 -28
0.432998 -36
0.433998 -27
0.434998 -27
0.435998 -23
0.436998 -25
0.437998 -26
0.438998 -22
0.439998 -24
0.440998 -18
0.441998 -28
0.442998 -31
0.443998 -22
0.444998 -20
0.445998 -20
0.446998 -20
0.447998 -22
0.448998 -16
0.449998 -20
0.450998 -19
0.451998 -16
0.452998 -12
0.453998 -22
0.454998 -16
0.455998 -16
0.456998 -15
0.457998 -15
0.458998 -15
0.459998 -11
0.460998 -12
0.461998 -12
0.462998 -12
0.463998 -10
0.464998 -9
0.465998 -8
0.466998 -10
0.467998 -9
0.468998 -9
0.469997 -12
0.470997 -10
0.471997 -10
0.472997 -10
0.473997 -15
0.474997 -14
0.475997 -13
0.476997 -9
0.477997 -9
0.478997 -8
0.479997 -8
0.480997 -8
0.481997 -6
0.482997 -6
0.483997 -6
0.484997 -4
0.485997 3
0.486997 3
0.487997 6
0.488997 6
0.489997 6
0.490997 5
0.491997 4
0.492997 4
0.493997 4
0.494997 4
0.495997 -4
0.496997 -9
0.497997 -9
0.498997 -7
0.499997 0
0.500997 0
0.501997 0
0.502997 2
0.503997 15
0.504997 14
0.505997 10
0.506997 0
0.507997 7
0.508997 7
0.509997 5
0.510997 4
0.511997 0
0.512997 0
0.513997 0
0.514997 0
0.515997 0
0.516997 0
0.517997 1
0.518997 1
0.519997 1
0.520997 17
0.521997 18
0.522997 10
0.523997 10
0.524997 7
0.525997 7
0.526997 10
0.527997 10
0.528997 10
0.529997 11
0.530997 12
0.531997 11
0.532997 9
0.533997 11
0.534997 15
0.535997 14
0.536997 16
0.537997 11
0.538997 11
0.539997 10
0.540997 8
0.541997 8
0.542997 10
0.543997 14
0.544997 13
0.545997 12
0.546997 12
0.547997 15
0.548997 15
0.549996 9
0.550996 9
0.551996 8
0.552996 7
0.553996 7
0.554996 6
0.555996 6
0.556996 7
0.557996 7
0.558996 9
0.559996 9
0.560996 10
0.561996 15
0.562996 12
0.563996 12
0.564996 16
0.565996 19
0.566996 11
0.567996 11
0.568996 11
0.569996 9
0.570996 9
0.571996 9
0.572996 9
0.573996 9
0.574996 8
0.575996 8
0.576996 8
0.577996 8
0.578996 8
0.579996 8
0.580996 6
0.581996 6
0.582996 6
0.583996 5
0.584996 4
0.585996 3
0.586996 3
0.587996 3
0.588996 3
0.589996 3
0.590996 3
0.591996 3
0.592996 3
0.593996 3
0.594996 5
0.595996 9
0.596996 9
0.597996 8
0.598996 8
0.599996 11
0.600996 12
0.601996 9
0.602996 0
0.603996 0
0.604996 3
0.605996 3
0.606996 3
0.607996 7
0.608996 7
0.609996 7
0.610996 7
0.611996 5
0.612996 4
0.613996 0
0.614996 0
0.615996 0
0.616996 0
0.617996 0
0.618996 -2
0.619996 -2
0.620996 -2
0.621996 -2
0.622996 -2
0.623996 -3
0.624996 -3
0.625996 -3
0.626996 -3
0.627995 -3
0.628995 3
0.629995 9
0.630995 9
0.631995 7
0.632995 5
0.633995 0
0.634995 0
0.635995 0
0.636995 0
0.637995 0
0.638995 0
0.639995 -2
0.640995 -2
0.641995 -2
0.642995 -4
0.643995 -10
0.644995 -10
0.645995 -7
0.646995 -7
0.647995 -7
0.648995 -6
0.649995 -4
0.650995 0
0.651995 0
0.652995 0
0.653995 0
0.654995 0
0.655995 0
0.656995 0
0.657995 0
0.658995 0
0.659995 0
0.660995 -1
0.661995 -1
0.662995 -7
0.663995 -7
0.664995 -11
0.665995 -8
0.666995 -6
0.667995 0
0.668995 0
0.669995 0
0.670995 0
0.671995 0
0.672995 0
0.673995 2
0.674995 2
0.675995 2
0.676995 2
0.677995 -4
0.678995 -18
0.679995 -14
0.680995 -9
0.681995 -8
0.682995 -8
0.683995 -5
0.684995 0
0.685995 0
0.686995 0
0.687995 0
0.688995 0
0.689995 -2
0.690995 -2
0.691995 -12
0.692995 -10
0.693995 -9
0.694995 -7
0.695995 -7
0.696995 -6
0.697995 -6
0.698995 -6
0.699995 -5
0.700995 -5
0.701995 -5
0.702995 -5
0.703995 -3
0.704994 -3
0.705994 0
0.706994 0
0.707994 0
0.708994 0
0.709994 0
0.710994 -1
0.711994 -1
0.712994 -8
0.713994 -8
0.714994 -7
0.715994 -7
0.716994 -7
0.717994 -4
0.718994 -3
0.719994 0
0.720994 -2
0.721994 -2
0.722994 -2
0.723994 -6
0.724994 -6
0.725994 -5
0.726994 -5
0.727994 -5
0.728994 -6
0.729994 -6
0.730994 -6
0.731994 -4
0.732994 -3
0.733994 0
0.734994 0
0.735994 0
0.736994 0
0.737994 0
0.738994 0
0.739994 0
0.740994 0
0.741994 0
0.742994 1
0.743994 1
0.744994 1
0.745994 1
0.746994 1
0.747994 1
0.748994 1
0.749994 1
0.750994 1
0.751994 1
0.752994 1
0.753994 1
0.754994 1
0.755994 -1
0.756994 -13
0.757994 -13
0.758994 -13
0.759994 0
0.760994 0
0.761994 0
0.762994 0
0.763994 0
0.764994 0
0.765994 0
0.766994 0
0.767994 0
0.768994 0
0.769994 0
0.770994 0
0.771994 0
0.772994 0
0.773994 0
0.774994 0
0.775994 0
0.776994 0
0.777994 0
0.778994 0
0.779994 0
0.780994 0
0.781994 0
0.782993 0
0.783993 0
0.784993 0
0.785993 0
0.786993 0
0.787993 0
0.788993 0
0.789993 0
0.790993 0
0.791993 0
0.792993 0
0.793993 0
0.794993 0
0.795993 0
0.796993 0
0.797993 0
0.798993 0
0.799993 0
0.800993 10
0.801993 9
0.802993 9
0.803993 6
0.804993 5
0.805993 0
0.806993 0
0.807993 -3
0.808993 -13
0.809993 -9
0.810993 -9
0.811993 -7
0.812993 -5
0.813993 18
0.814993 15
0.815993 11
0.816993 9
0.817993 0
0.818993 0
0.819993 0
0.820993 0
0.821993 0
0.822993 0
0.823993 -2
0.824993 -2
0.825993 -9
0.826993 -9
0.827993 -8
0.828993 -8
0.829993 6
0.830993 21
0.831993 13
0.832993 9
0.833993 5
0.834993 5
0.835993 5
0.836993 5
0.837993 4
0.838993 3
0.839993 0
0.840993 0
0.841993 0
0.842993 0
0.843993 0
0.844993 0
0.845993 0
0.846993 0
0.847993 0
0.848993 0
0.849993 1
0.850993 1
0.851993 1
0.852993 6
0.853993 6
0.854993 7
0.855993 7
0.856993 6
0.857993 4
0.858993 4
0.859993 4
0.860992 4
0.861992 4
0.862992 3
0.863992 2
0.864992 2
0.865992 0
0.866992 0
0.867992 2
0.868992 2
0.869992 2
0.870992 2
0.871992 4
0.872992 4
0.873992 4
0.874992 4
0.875992 3
0.876992 3
0.877992 7
0.878992 10
0.879992 10
0.880992 7
0.881992 7
0.882992 7
0.883992 5
0.884992 4
0.885992 0
0.886992 0
0.887992 0
0.888992 0
0.889992 0
0.890992 0
0.891992 0
0.892992 0
0.893992 0
0.894992 0
0.895992 0
0.896992 0
0.897992 0
0.898992 0
0.899992 0
0.900992 0
0.901992 -1
0.902992 -1
0.903992 -1
0.904992 -1
0.905992 -1
0.906992 -1
0.907992 -1
0.908992 -1
0.909992 -1
0.910992 -1
0.911992 -1
0.912992 -1
0.913992 1
0.914992 1
0.915992 1
0.916992 1
0.917992 1
0.918992 1
0.919992 1
0.920992 1
0.921992 1
0.922992 1
0.923992 -2
0.924992 -15
0.925992 -10
0.926992 -10
0.927992 -6
0.928992 0
0.929992 4
0.930992 16
0.931992 13
0.932992 13
0.933992 7
0.934992 0
0.935992 -16
0.936992 -15
0.937991 -12
0.938991 -7
0.939991 0
0.940991 0
0.941991 0
0.942991 0
0.943991 14
0.944991 14
0.945991 9
0.946991 9
0.947991 6
0.948991 -5
0.949991 -17
0.950991 -16
0.951991 -9
0.952991 -9
0.953991 -7
0.954991 -5
0.955991 4
0.956991 4
0.957991 14
0.958991 9
0.959991 9
0.960991 7
0.961991 0
0.962991 -3
0.963991 -14
0.964991 -14
0.965991 0
0.966991 -6
0.967991 -6
0.968991 -6
0.969991 -4
0.970991 3
0.971991 15
0.972991 12
0.973991 12
0.974991 7
0.975991 0
0.976991 -4
0.977991 -18
0.978991 -18
0.979991 -16
0.980991 -9
0.981991 -7
0.982991 -7
0.983991 -6
0.984991 -4
0.985991 0
0.986991 0
0.987991 0
0.988991 0
0.989991 0
0.990991 0
0.991991 0
0.992991 0
0.993991 0
0.994991 0
0.995991 0
0.996991 -1
0.997991 -1
0.998991 -8
0.999991 -10
1.000991 -10
1.001991 -6
1.002991 0
1.003991 0
1.004991 0
1.005991 3
1.006991 12
1.007991 11
1.008991 11
1.009991 6
1.010991 0
1.011991 0
1.012991 -3
1.013991 -12
1.014991 -12
1.015991 -10
1.016991 -9
1.017992 -5
1.018992 0
1.019992 0
1.020992 3
1.021992 17
1.022992 15
1.023992 9
1.024992 9
1.025992 -7
1.026992 -19
1.027992 -17
1.028992 -17
1.029992 -8
1.030992 -8
1.031992 -6
1.032992 -5
1.033992 4
1.034992 19
1.035992 18
1.036992 0
1.037992 8
1.038993 8
1.039993 -6
1.040993 -17
1.041993 -17
1.042993 0
1.043993 -9
1.044993 -7
1.045993 -5
1.046993 4
1.047993 14
1.048993 13
1.049993 8
1.050993 0
1.051993 0
1.052993 -3
1.053993 -11
1.054993 -11
1.055993 -7
1.056993 0
1.057993 0
1.058993 0
1.059994 0
1.060994 0
1.061994 0
1.062994 0
1.063994 1
1.064994 1
1.065994 11
1.066994 11
1.067994 8
1.068994 6
1.069994 0
1.070994 -4
1.071994 -16
1.072994 -17
1.073994 -11
1.074994 -10
1.075994 -6
1.076994 5
1.077994 14
1.078994 18
1.079994 9
1.080994 9
1.081995 7
1.082995 -6
1.083995 -18
1.084995 -18
1.085995 -13
1.086995 -9
1.087995 0
1.088995 5
1.089995 15
1.090995 13
1.091995 9
1.092995 0
1.093995 0
1.094995 0
1.095995 -3
1.096995 -11
1.097995 -11
1.098995 -7
1.099995 0
1.100995 0
1.101995 0
1.102996 0
1.103996 0
1.104996 0
1.105996 2
1.106996 2
1.107996 2
1.108996 2
1.109996 5
1.110996 5
1.111996 5
1.112996 4
1.113996 3
1.114996 2
1.115996 -2
1.116996 -2
1.117996 -9
1.118996 -9
1.119996 -6
1.120996 -5
1.121996 -5
1.122996 7
1.123996 15
1.124997 10
1.125997 9
1.126997 8
1.127997 -6
1.128997 -16
1.129997 -10
1.130997 -7
1.131997 -7
1.132997 -6
1.133997 -4
1.134997 0
1.135997 0
1.136997 0
1.137997 2
1.138997 2
1.139997 2
1.140997 2
1.141997 2
1.142997 3
1.143997 3
1.144997 3
1.145998 3
1.146998 3
1.147998 3
1.148998 2
1.149998 2
1.150998 -2
1.151998 -14
1.152998 -10
1.153998 -9
1.154998 -8
1.155998 -5
1.156998 0
1.157998 0
1.158998 0
1.159998 2
1.160998 10
1.161998 9
1.162998 9
1.163998 8
1.164998 5
1.165998 -4
1.166999 -4
1.167999 -13
1.168999 -9
1.169999 -9
1.170999 -6
1.171999 0
1.172999 3
1.173999 19
1.174999 17
1.175999 9
1.176999 0
1.177999 0
1.178999 0
1.179999 -3
1.180999 -3
1.181999 -13
1.182999 -10
1.183999 -9
1.184999 -6
1.185999 0
1.186999 0
1.187999 3
1.189000 18
1.190000 18
1.191000 10
1.192000 9
1.193000 8
1.194000 -5
1.195000 -14
1.196000 -14
1.197000 -14
1.198000 0
1.199000 0
1.200000 0
1.201000 0
1.202000 15
1.203000 18
1.204000 11
1.205000 10
1.206000 8
1.207000 5
1.208000 0
1.209000 -3
1.210001 -14
1.211001 -16
1.212001 -10
1.213001 -9
1.214001 -8
1.215001 6
1.216001 20
1.217001 20
1.218001 15
1.219001 8
1.220001 0
1.221001 0
1.222001 -4
1.223001 -14
1.224001 -15
1.225001 -9
1.226001 0
1.227001 0
1.228001 0
1.229001 3
1.230001 11
1.231001 10
1.232002 9
1.233002 8
1.234002 5
1.235002 0
1.236002 -3
1.237002 -14
1.238002 -12
1.239002 -8
1.240002 -8
1.241002 -7
1.242002 5
1.243002 22
1.244002 20
1.245002 15
1.246002 0
1.247002 0
1.248002 0
1.249002 0
1.250002 0
1.251002 -2
1.252002 -12
1.253003 -12
1.254003 0
1.255003 0
1.256003 0
1.257003 3
1.258003 15
1.259003 12
1.260003 11
1.261003 7
1.262003 0
1.263003 0
1.264003 0
1.265003 0
1.266003 0
1.267003 2
1.268003 2
1.269003 2
1.270003 2
1.271003 2
1.272003 2
1.273003 2
1.274004 2
1.275004 2
1.276004 2
1.277004 1
1.278004 -1
1.279004 -9
1.280004 -10
1.281004 -10
1.282004 -7
1.283004 -7
1.284004 -7
1.285004 -5
1.286004 4
1.287004 15
1.288004 17
1.289004 11
1.290004 11
1.291004 7
1.292004 -6
1.293004 -19
1.294004 -18
1.295004 -12
1.296005 0
1.297005 0
1.298005 4
1.299005 4
1.300005 14
1.301005 14
1.302005 0
1.303005 0
1.304005 0
1.305005 0
1.306005 -3
1.307005 -13
1.308005 -11
1.309005 -11
1.310005 -7
1.311005 0
1.312005 16
1.313005 16
1.314005 12
1.315005 9
1.316005 0
1.317006 0
1.318006 -3
1.319006 -16
1.320006 -12
1.321006 -12
1.322006 -6
1.323006 0
1.324006 0
1.325006 0
1.326006 0
1.327006 0
1.328006 0
1.329006 0
1.330006 0
1.331006 1
1.332006 12
1.333006 12
1.334006 12
1.335006 9
1.336006 0
1.337006 0
1.338006 0
1.339007 -3
1.340007 -16
1.341007 -14
1.342007 -8
1.343007 0
1.344007 4
1.345007 18
1.346007 20
1.347007 10
1.348007 9
1.349007 8
1.350007 -6
1.351007 -16
1.352007 -18
1.353007 -12
1.354007 -9
1.355007 -6
1.356007 0
1.357007 0
1.358007 3
1.359007 3
1.360008 6
1.361008 6
1.362008 6
1.363008 5
1.364008 4
1.365008 3
1.366008 0
1.367008 0
1.368008 -2
1.369008 -10
1.370008 -10
1.371008 -6
1.372008 0
1.373008 0
1.374008 0
1.375008 0
1.376008 0
1.377008 0
1.378008 0
1.379008 0
1.380008 0
1.381009 0
1.382009 1
1.383009 1
1.384009 1
1.385009 4
1.386009 4
1.387009 4
1.388009 4
1.389009 4
1.390009 3
1.391009 2
1.392009 0
1.393009 -2
1.394009 -14
1.395009 -12
1.396009 -10
1.397009 -7
1.398009 0
1.399009 0
1.400009 0
1.401009 3
1.402009 14
1.403010 15
1.404010 9
1.405010 0
1.406010 0
1.407010 -4
1.408010 -16
1.409010 -12
1.410010 -9
1.411010 0
1.412010 0
1.413010 0
1.414010 0
1.415010 2
1.416010 14
1.417010 14
1.418010 11
1.419010 10
1.420010 8
1.421010 -6
1.422010 -21
1.423010 -15
1.424011 -13
1.425011 0
1.426011 -6
1.427011 -6
1.428011 -5
1.429011 -4
1.430011 4
1.431011 14
1.432011 12
1.433011 12
1.434011 0
1.435011 0
1.436011 0
1.437011 -3
1.438011 -13
1.439011 -12
1.440011 -12
1.441011 -7
1.442011 0
1.443011 0
1.444011 0
1.445011 16
1.446012 16
1.447012 12
1.448012 9
1.449012 0
1.450012 -4
1.451012 -19
1.452012 -20
1.453012 0
1.454012 -8
1.455012 -7
1.456012 -5
1.457012 -4
1.458012 0
1.459012 -3
1.460012 -3
1.461012 -3
1.462012 -3
1.463012 3
1.464012 16
1.465012 16
1.466012 14
1.467013 11
1.468013 9
1.469013 6
1.470013 -20
1.471013 -17
1.472013 -10
1.473013 0
1.474013 0
1.475013 -4
1.476013 -4
1.477013 -4
1.478013 -4
1.479013 -3
1.480013 -2
1.481013 2
1.482013 21
1.483013 20
1.484013 17
1.485013 0
1.486013 0
1.487013 0
1.488014 0
1.489014 -3
1.490014 -14
1.491014 -12
1.492014 -10
1.493014 0
1.494014 0
1.495014 3
1.496014 3
1.497014 17
1.498014 14
1.499014 0
1.500014 0
1.501014 0
1.502014 0
1.503014 0
1.504014 -2
1.505014 -14
1.506014 -10
1.507014 -10
1.508014 -7
1.509014 21
1.510015 21
1.511015 13
1.512015 12
1.513015 0
1.514015 0
1.515015 0
1.516015 0
1.517015 3
1.518015 3
1.519015 3
1.520015 3
1.521015 3
1.522015 3
1.523015 2
1.524015 2
1.525015 2
1.526015 -2
1.527015 -14
1.528015 -14
1.529015 -7
1.530015 0
1.531016 0
1.532016 0
1.533016 0
1.534016 0
1.535016 0
1.536016 2
1.537016 11
1.538016 11
1.539016 6
1.540016 0
1.541016 0
1.542016 0
1.543016 -3
1.544016 -22
1.545016 -16
1.546016 -13
1.547016 0
1.548016 0
1.549016 0
1.550016 3
1.551016 14
1.552016 15
1.553017 9
1.554017 0
1.555017 0
1.556017 0
1.557017 0
1.558017 0
1.559017 0
1.560017 -2
1.561017 -2
1.562017 -8
1.563017 -8
1.564017 -6
1.565017 0
1.566017 0
1.567017 0
1.568017 2
1.569017 12
1.570017 12
1.571017 9
1.572017 9
1.573017 6
1.574018 0
1.575018 -19
1.576018 -19
1.577018 -10
1.578018 0
1.579018 0
1.580018 0
1.581018 3
1.582018 3
1.583018 14
1.584018 10
1.585018 10
1.586018 6
1.587018 -5
1.588018 -18
1.589018 -15
1.590018 -9
1.591018 0
1.592018 0
1.593018 0
1.594018 3
1.595019 11
1.596019 11
1.597019 7
1.598019 0
1.599019 0
1.600019 0
1.601019 0
1.602019 -2
1.603019 -14
1.604019 -11
1.605019 -9
1.606019 -6
1.607019 0
1.608019 0
1.609019 3
1.610019 10
1.611019 9
1.612019 9
1.613019 8
1.614019 5
1.615019 5
1.616019 5
1.617020 5
1.618020 4
1.619020 -4
1.620020 -15
1.621020 -14
1.622020 -11
1.623020 -9
1.624020 -6
1.625020 4
1.626020 21
1.627020 16
1.628020 10
1.629020 10
1.630020 7
1.631020 -20
1.632020 -18
1.633020 -10
1.634020 -9
1.635020 -9
1.636020 6
1.637020 18
1.638021 14
1.639021 9
1.640021 0
1.641021 0
1.642021 0
1.643021 0
1.644021 -2
1.645021 -9
1.646021 -9
1.647021 -7
1.648021 -5
1.649021 0
1.650021 0
1.651021 0
1.652021 2
1.653021 2
1.654021 11
1.655021 9
1.656021 9
1.657021 6
1.658021 5
1.659021 0
1.660022 0
1.661022 -2
1.662022 -21
1.663022 -15
1.664022 -11
1.665022 0
1.666022 0
1.667022 0
1.668022 0
1.669022 3
1.670022 13
1.671022 9
1.672022 0
1.673022 0
1.674022 0
1.675022 0
1.676022 0
1.677022 -2
1.678022 -12
1.679022 -13
1.680022 -9
1.681023 0
1.682023 0
1.683023 22
1.684023 20
1.685023 18
1.686023 10
1.687023 0
1.688023 0
1.689023 0
1.690023 0
1.691023 -3
1.692023 -10
1.693023 -9
1.694023 -6
1.695023 -6
1.696023 -6
1.697023 -5
1.698023 4
1.699023 15
1.700023 18
1.701023 12
1.702024 10
1.703024 0
1.704024 0
1.705024 -3
1.706024 -3
1.707024 -13
1.708024 -12
1.709024 -7
1.710024 0
1.711024 0
1.712024 0
1.713024 3
1.714024 14
1.715024 15
1.716024 12
1.717024 11
1.718024 7
1.719024 0
1.720024 0
1.721024 -3
1.722024 -13
1.723024 -19
1.724025 -11
1.725025 -11
1.726025 -7
1.727025 0
1.728025 4
1.729025 18
1.730025 16
1.731025 9
1.732025 9
1.733025 6
1.734025 5
1.735025 0
1.736025 0
1.737025 0
1.738025 -2
1.739025 -16
1.740025 -16
1.741025 0
1.742025 0
1.743025 0
1.744025 0
1.745026 3
1.746026 12
1.747026 10
1.748026 6
1.749026 6
1.750026 6
1.751026 -20
1.752026 -17
1.753026 -13
1.754026 -13
1.755026 -7
1.756026 6
1.757026 18
1.758026 15
1.759026 8
1.760026 0
1.761026 0
1.762026 0
1.763026 -3
1.764026 -13
1.765026 -15
1.766026 -8
1.767027 0
1.768027 0
1.769027 0
1.770027 3
1.771027 17
1.772027 12
1.773027 9
1.774027 6
1.775027 6
1.776027 6
1.777027 -18
1.778027 -17
1.779027 -13
1.780027 -8
1.781027 0
1.782027 4
1.783027 11
1.784027 11
1.785027 7
1.786027 0
1.787027 4
1.788028 4
1.789028 4
1.790028 4
1.791028 3
1.792028 3
1.793028 -3
1.794028 -13
1.795028 -13
1.796028 0
1.797028 0
1.798028 0
1.799028 0
1.800028 0
1.801028 0
1.802028 2
1.803028 2
1.804028 2
1.805028 5
1.806028 5
1.807028 5
1.808028 4
1.809029 3
1.810029 0
1.811029 0
1.812029 0
1.813029 0
1.814029 0
1.815029 0
1.816029 0
1.817029 0
1.818029 0
1.819029 0
1.820029 0
1.821029 0
1.822029 0
1.823029 0
1.824029 0
1.825029 0
1.826029 0
1.827029 0
1.828029 0
1.829029 0
1.830029 0
1.831030 0
1.832030 0
1.833030 1
1.834030 1
1.835030 1
1.836030 1
1.837030 1
1.838030 1
1.839030 1
1.840030 1
1.841030 1
1.842030 1
1.843030 -1
1.844030 -1
1.845030 -13
1.846030 -13
1.847030 -8
1.848030 -8
1.849030 -7
1.850030 -5
1.851030 17
1.852031 16
1.853031 14
1.854031 8
1.855031 0
1.856031 0
1.857031 0
1.858031 -3
1.859031 -10
1.860031 -10
1.861031 -8
1.862031 -8
1.863031 -6
1.864031 -5
1.865031 0
1.866031 0
1.867031 2
1.868031 16
1.869031 15
1.870031 12
1.871031 0
1.872031 0
1.873031 0
1.874032 0
1.875032 0
1.876032 -2
1.877032 -11
1.878032 -11
1.879032 -9
1.880032 -9
1.881032 -5
1.882032 4
1.883032 15
1.884032 13
1.885032 11
1.886032 7
1.887032 0
1.888032 0
1.889032 -3
1.890032 -13
1.891032 -10
1.892032 -10
1.893032 -7
1.894032 0
1.895033 4
1.896033 17
1.897033 10
1.898033 10
1.899033 6
1.900033 0
1.901033 -4
1.902033 -16
1.903033 -13
1.904033 -9
1.905033 0
1.906033 0
1.907033 0
1.908033 0
1.909033 0
1.910033 2
1.911033 9
1.912033 9
1.913033 9
1.914033 9
1.915033 6
1.916034 4
1.917034 -4
1.918034 -18
1.919034 -14
1.920034 -14
1.921034 0
1.922034 0
1.923034 0
1.924034 0
1.925034 3
1.926034 3
1.927034 9
1.928034 8
1.929034 7
1.930034 7
1.931034 -6
1.932034 -17
1.933034 -18
1.934034 -11
1.935034 -10
1.936034 -6
1.937034 0
1.938035 4
1.939035 12
1.940035 9
1.941035 9
1.942035 8
1.943035 5
1.944035 0
1.945035 -4
1.946035 -11
1.947035 -8
1.948035 -7
1.949035 -7
1.950035 -6
1.951035 4
1.952035 4
1.953035 15
1.954035 10
1.955035 10
1.956035 6
1.957035 0
1.958035 0
1.959036 -3
1.960036 -8
1.961036 -8
1.962036 -7
1.963036 -4
1.964036 0
1.965036 0
1.966036 2
1.967036 11
1.968036 11
1.969036 7
1.970036 0
1.971036 0
1.972036 0
1.973036 0
1.974036 -2
1.975036 -11
1.976036 -13
1.977036 -12
1.978036 -7
1.979036 0
1.980036 0
1.981037 16
1.982037 16
1.983037 12
1.984037 9
1.985037 0
1.986037 -4
1.987037 -17
1.988037 -16
1.989037 -9
1.990037 0
1.991037 0
1.992037 0
1.993037 0
1.994037 3
1.995037 8
1.996037 8
1.997037 7
1.998037 5
1.999037 0
2.000037 0
2.001037 0
2.002037 -2
2.003037 -9
2.004037 -9
2.005037 -7
2.006037 -5
2.007037 0
2.008037 0
2.009037 0
2.010037 0
2.011037 2
2.012037 2
2.013036 2
2.014036 2
2.015036 4
2.016036 4
2.017036 4
2.018036 4
2.019036 3
2.020036 2
2.021036 -2
2.022036 -12
2.023036 -9
2.024036 -6
2.025036 0
2.026036 0
2.027035 0
2.028035 0
2.029035 2
2.030035 2
2.031035 8
2.032035 8
2.033035 7
2.034035 5
2.035035 0
2.036035 0
2.037035 0
2.038035 0
2.039035 0
2.040035 -2
2.041034 -2
2.042034 -7
2.043034 -7
2.044034 -5
2.045034 -4
2.046034 0
2.047034 0
2.048034 0
2.049034 0
2.050034 2
2.051034 11
2.052034 11
2.053034 6
2.054034 0
2.055033 0
2.056033 0
2.057033 -2
2.058033 -2
2.059033 -8
2.060033 -8
2.061033 -7
2.062033 -5
2.063033 0
2.064033 0
2.065033 15
2.066033 15
2.067033 12
2.068033 9
2.069032 0
2.070032 0
2.071032 0
2.072032 0
2.073032 0
2.074032 0
2.075032 0
2.076032 0
2.077032 0
2.078032 0
2.079032 0
2.080032 0
2.081032 0
2.082031 0
2.083031 0
2.084031 0
2.085031 0
2.086031 0
2.087031 0
2.088031 0
2.089031 0
2.090031 0
2.091031 0
2.092031 0
2.093031 0
2.094031 0
2.095031 0
2.096030 0
2.097030 0
2.098030 0
2.099030 0
2.100030 0
2.101030 0
2.102030 0
2.103030 0
2.104030 0
2.105030 0
2.106030 0
2.107030 0
2.108030 0
2.109030 0
2.110029 0
2.111029 0
2.112029 0
2.113029 0
2.114029 0
2.115029 0
2.116029 0
2.117029 0
2.118029 0
2.119029 0
2.120029 0
2.121029 0
2.122029 0
2.123029 0
2.124028 0
2.125028 0
2.126028 0
2.127028 0
2.128028 0
2.129028 0
2.130028 0
2.131028 0
2.132028 0
2.133028 0
2.134028 0
2.135028 0
2.136028 0
2.137028 0
2.138027 0
2.139027 0
2.140027 0
2.141027 0
2.142027 0
2.143027 0
2.144027 0
2.145027 0
2.146027 0
2.147027 0
2.148027 0
2.149027 0
2.150027 0
2.151026 0
2.152026 0
2.153026 0
2.154026 0
2.155026 0
2.156026 0
2.157026 0
2.158026 0
2.159026 0
2.160026 0
2.161026 0
2.162026 0
2.163026 0
2.164026 0
2.165025 0
2.166025 0
2.167025 0
2.168025 0
2.169025 0
2.170025 0
2.171025 0
2.172025 0
2.173025 0
2.174025 0
2.175025 0
2.176025 0
2.177025 0
2.178025 0
2.179024 0
2.180024 0
2.181024 0
2.182024 0
2.183024 0
2.184024 0
2.185024 5
2.186024 5
2.187024 5
2.188024 4
2.189024 3
2.190024 0
2.191024 0
2.192024 0
2.193023 0
2.194023 0
2.195023 0
2.196023 0
2.197023 0
2.198023 0
2.199023 -1
2.200023 -1
2.201023 -1
2.202023 -1
2.203023 -1
2.204023 -1
2.205023 -1
2.206023 -1
2.207022 -1
2.208022 -1
2.209022 -1
2.210022 -1
2.211022 -1
2.212022 -1
2.213022 -1
2.214022 -1
2.215022 -1
2.216022 -1
2.217022 -1
2.218022 -1
2.219022 -1
2.220021 -1
2.221021 -1
2.222021 -1
2.223021 -1
2.224021 -1
2.225021 1
2.226021 1
2.227021 1
2.228021 1
2.229021 1
2.230021 1
2.231021 1
2.232021 1
2.233021 1
2.234020 1
2.235020 1
2.236020 1
2.237020 1
2.238020 1
2.239020 1
2.240020 1
2.241020 -1
2.242020 -1
2.243020 -1
2.244020 -1
2.245020 -1
2.246020 -1
2.247020 -1
2.248019 -1
2.249019 -1
2.250019 -1
2.251019 -1
2.252019 -1
2.253019 -1
2.254019 -1
2.255019 -1
2.256019 -1
2.257019 -1
2.258019 -1
2.259019 1
2.260019 1
2.261019 1
2.262018 1
2.263018 1
2.264018 1
2.265018 1
2.266018 1
2.267018 -2
2.268018 -11
2.269018 -8
2.270018 -8
2.271018 -8
2.272018 -5
2.273018 0
2.274018 0
2.275017 3
2.276017 10
2.277017 10
2.278017 6
2.279017 0
2.280017 0
2.281017 0
2.282017 0
2.283017 0
2.284017 0
2.285017 0
2.286017 0
2.287017 0
2.288017 0
2.289016 0
2.290016 0
2.291016 0
2.292016 0
2.293016 -1
2.294016 -1
2.295016 -9
2.296016 -9
2.297016 -9
2.298016 -8
2.299016 -5
2.300016 0
2.301016 0
2.302016 0
2.303015 0
2.304015 0
2.305015 0
2.306015 0
2.307015 1
2.308015 1
2.309015 1
2.310015 1
2.311015 1
2.312015 1
2.313015 1
2.314015 1
2.315015 1
2.316015 1
2.317014 1
2.318014 1
2.319014 1
2.320014 1
2.321014 -1
2.322014 -1
2.323014 -7
2.324014 -7
2.325014 -5
2.326014 -4
2.327014 0
2.328014 0
2.329014 0
2.330014 0
2.331013 0
2.332013 2
2.333013 2
2.334013 2
2.335013 2
2.336013 2
2.337013 2
2.338013 2
2.339013 2
2.340013 2
2.341013 2
2.342013 1
2.343013 1
2.344012 1
2.345012 1
2.346012 1
2.347012 1
2.348012 1
2.349012 1
2.350012 1
2.351012 1
2.352012 0
2.353012 0
2.354012 0
2.355012 -1
2.356012 -10
2.357012 -9
2.358011 -7
2.359011 -7
2.360011 -6
2.361011 -4
2.362011 0
2.363011 0
2.364011 0
2.365011 0
2.366011 2
2.367011 2
2.368011 2
2.369011 2
2.370011 3
2.371011 3
2.372010 3
2.373010 3
2.374010 3
2.375010 3
2.376010 2
2.377010 2
2.378010 2
2.379010 0
2.380010 0
2.381010 0
2.382010 0
2.383010 0
2.384010 0
2.385010 -1
2.386009 -8
2.387009 -8
2.388009 -6
2.389009 -6
2.390009 -6
2.391009 -5
2.392009 -4
2.393009 -3
2.394009 3
2.395009 14
2.396009 14
2.397009 7
2.398009 7
2.399009 7
2.400008 5
2.401008 -4
2.402008 -4
2.403008 -11
2.404008 -6
2.405008 0
2.406008 0
2.407008 0
2.408008 0
2.409008 0
2.410008 2
2.411008 10
2.412008 10
2.413007 7
2.414007 0
2.415007 0
2.416007 0
2.417007 0
2.418007 -2
2.419007 -2
2.420007 -6
2.421007 -6
2.422007 -6
2.423007 -4
2.424007 -3
2.425007 0
2.426007 0
2.427006 2
2.428006 10
2.429006 10
2.430006 7
2.431006 0
2.432006 0
2.433006 0
2.434006 0
2.435006 0
2.436006 0
2.437006 0
2.438006 0
2.439006 0
2.440006 0
2.441005 0
2.442005 0
2.443005 0
2.444005 0
2.445005 0
2.446005 0
2.447005 0
2.448005 0
2.449005 0
2.450005 0
2.451005 0
2.452005 0
2.453005 0
2.454005 0
2.455004 0
2.456004 0
2.457004 0
2.458004 0
2.459004 0
2.460004 0
2.461004 0
2.462004 0
2.463004 0
2.464004 0
2.465004 0
2.466004 0
2.467004 0
2.468004 0
2.469003 0
2.470003 0
2.471003 0
2.472003 0
2.473003 0
2.474003 4
2.475003 4
2.476003 4
2.477003 4
2.478003 4
2.479003 3
2.480003 3
2.481003 0
2.482002 0
2.483002 0
2.484002 0
2.485002 0
2.486002 0
2.487002 0
2.488002 0
2.489002 0
2.490002 0
2.491002 0
2.492002 0
2.493002 1
2.494002 1
2.495002 1
2.496001 6
2.497001 6
2.498001 5
2.499001 4
2.500001 4
2.501001 4
2.502001 4
2.503001 3
2.504001 3
2.505001 2
2.506001 0
2.507001 -2
2.508001 -2
2.509001 -2
2.510000 -2
2.511000 -2
2.512000 -2
2.513000 -2
2.514000 -2
2.515000 -2
2.516000 -1
2.517000 -1
2.518000 -1
2.519000 -1
2.520000 0
2.521000 0
2.522000 0
2.523000 0
2.523999 0
2.524999 0
2.525999 0
2.526999 0
2.527999 0
2.528999 0
2.529999 0
2.530999 0
2.531999 0
2.532999 0
2.533999 0
2.534999 0
2.535999 0
2.536999 0
2.537998 0
2.538998 0
2.539998 0
2.540998 0
2.541998 0
2.542998 0
2.543998 0
2.544998 0
2.545998 0
2.546998 0
2.547998 0
2.548998 0
2.549998 0
2.550997 0
2.551997 0
2.552997 0
2.553997 0
2.554997 0
2.555997 0
2.556997 0
2.557997 0
2.558997 0
2.559997 0
2.560997 0
2.561997 0
2.562997 0
2.563997 0
2.564996 0
2.565996 0
2.566996 0
2.567996 2
2.568996 2
2.569996 2
2.570996 2
2.571996 2
2.572996 2
2.573996 2
2.574996 -2
2.575996 -2
2.576996 -2
2.577996 -2
2.578995 -2
2.579995 -2
2.580995 -2
2.581995 -2
2.582995 -2
2.583995 -2
2.584995 -1
2.585995 -1
2.586995 1
2.587995 1
2.588995 6
2.589995 6
2.590995 6
2.591995 4
2.592994 4
2.593994 0
2.594994 0
2.595994 0
2.596994 0
2.597994 0
2.598994 0
2.599994 0
2.600994 0
2.601994 0
2.602994 -1
2.603994 -1
2.604994 -1
2.605994 -1
2.606993 -1
2.607993 -1
2.608993 -1
2.609993 -1
2.610993 -1
2.611993 -1
2.612993 -1
2.613993 -1
2.614993 -1
2.615993 -1
2.616993 -1
2.617993 -1
2.618993 -1
2.619992 -1
2.620992 -1
2.621992 -1
2.622992 -1
2.623992 -1
2.624992 -1
2.625992 -1
2.626992 -1
2.627992 -1
2.628992 -1
2.629992 -1
2.630992 -1
2.631992 0
2.632992 0
2.633991 0
2.634991 0
2.635991 0
2.636991 0
2.637991 0
2.638991 0
2.639991 0
2.640991 0
2.641991 0
2.642991 -4
2.643991 -4
2.644991 -4
2.645991 -4
2.646991 -3
2.647990 -3
2.648990 -2
2.649990 0
2.650990 0
2.651990 0
2.652990 0
2.653990 0
2.654990 0
2.655990 0
2.656990 0
2.657990 0
2.658990 0
2.659990 -1
2.660990 -14
2.661989 -14
2.662989 -12
2.663989 -6
2.664989 -6
2.665989 -6
2.666989 -5
2.667989 -4
2.668989 0
2.669989 0
2.670989 0
2.671989 2
2.672989 2
2.673989 6
2.674989 6
2.675988 6
2.676988 5
2.677988 3
2.678988 0
2.679988 -17
2.680988 -17
2.681988 -7
2.682988 -7
2.683988 -7
2.684988 -5
2.685988 0
2.686988 0
2.687988 0
2.688987 0
2.689987 0
2.690987 0
2.691987 0
2.692987 0
2.693987 1
2.694987 1
2.695987 1
2.696987 1
2.697987 1
2.698987 1
2.699987 -2
2.700987 -2
2.701987 -7
2.702986 -7
2.703986 -5
2.704986 -4
2.705986 0
2.706986 0
2.707986 0
2.708986 0
2.709986 0
2.710986 0
2.711986 0
2.712986 0
2.713986 0
2.714986 0
2.715986 0
2.716985 0
2.717985 1
2.718985 1
2.719985 1
2.720985 1
2.721985 1
2.722985 1
2.723985 1
2.724985 1
2.725985 1
2.726985 1
2.727985 1
2.728985 1
2.729985 1
2.730984 1
2.731984 1
2.732984 1
2.733984 1
2.734984 1
2.735984 1
2.736984 1
2.737984 1
2.738984 1
2.739984 1
2.740984 1
2.741984 1
2.742984 1
2.743984 1
2.744983 1
2.745983 1
2.746983 0
2.747983 0
2.748983 0
2.749983 -8
2.750983 -12
2.751983 -12
2.752983 -10
2.753983 0
2.754983 0
2.755983 0
2.756983 3
2.757982 3
2.758982 11
2.759982 8
2.760982 6
2.761982 6
2.762982 6
2.763982 4
2.764982 -3
2.765982 -16
2.766982 -15
2.767982 -10
2.768982 0
2.769982 0
2.770982 0
2.771981 3
2.772981 13
2.773981 12
2.774981 12
2.775981 9
2.776981 9
2.777981 5
2.778981 0
2.779981 -4
2.780981 -4
2.781981 -11
2.782981 -11
2.783981 -8
2.784981 0
2.785980 0
2.786980 0
2.787980 0
2.788980 2
2.789980 19
2.790980 14
2.791980 12
2.792980 8
2.793980 0
2.794980 -4
2.795980 -16
2.796980 -12
2.797980 -11
2.798980 -7
2.799979 0
2.800979 0
2.801979 3
2.802979 20
2.803979 18
2.804979 12
2.805979 10
2.806979 6
2.807979 0
2.808979 0
2.809979 -3
2.810979 -16
2.811979 -9
2.812979 -9
2.813978 -7
2.814978 -5
2.815978 4
2.816978 19
2.817978 19
2.818978 11
2.819978 10
2.820978 6
2.821978 0
2.822978 0
2.823978 3
2.824978 3
2.825978 6
2.826977 6
2.827977 7
2.828977 7
2.829977 6
2.830977 5
2.831977 0
2.832977 0
2.833977 0
2.834977 0
2.835977 0
2.836977 0
2.837977 0
2.838977 0
2.839977 0
2.840976 0
2.841976 0
2.842976 0
2.843976 0
2.844976 0
2.845976 0
2.846976 0
2.847976 1
2.848976 1
2.849976 1
2.850976 1
2.851976 1
2.852976 1
2.853976 1
2.854975 1
2.855975 1
2.856975 1
2.857975 1
2.858975 1
2.859975 1
2.860975 1
2.861975 1
2.862975 -1
2.863975 -1
2.864975 -1
2.865975 -6
2.866975 -6
2.867975 -7
2.868974 -7
2.869974 -5
2.870974 -4
2.871974 0
2.872974 0
2.873974 2
2.874974 2
2.875974 10
2.876974 9
2.877974 6
2.878974 6
2.879974 6
2.880974 -5
2.881974 -17
2.882973 -16
2.883973 0
2.884973 0
2.885973 0
2.886973 0
2.887973 0
2.888973 2
2.889973 2
2.890973 10
2.891973 9
2.892973 9
2.893973 7
2.894973 5
2.895972 -4
2.896972 -18
2.897972 -16
2.898972 -11
2.899972 -11
2.900972 -7
2.901972 5
2.902972 21
2.903972 14
2.904972 9
2.905972 9
2.906972 7
2.907972 -6
2.908972 -19
2.909971 -16
2.910971 -14
2.911971 0
2.912971 0
2.913971 4
2.914971 17
2.915971 9
2.916971 6
2.917971 6
2.918971 6
2.919971 -4
2.920971 -4
2.921971 -13
2.922971 -9
2.923970 -7
2.924970 -7
2.925970 -5
2.926970 4
2.927970 14
2.928970 12
2.929970 11
2.930970 8
2.931970 0
2.932970 0
2.933970 -3
2.934970 -3
2.935970 -8
2.936970 -8
2.937969 -5
2.938969 0
2.939969 0
2.940969 0
2.941969 2
2.942969 2
2.943969 11
2.944969 8
2.945969 6
2.946969 6
2.947969 6
2.948969 -5
2.949969 -16
2.950969 -15
2.951968 -10
2.952968 0
2.953968 0
2.954968 0
2.955968 0
2.956968 0
2.957968 2
2.958968 2
2.959968 10
2.960968 8
2.961968 5
2.962968 0
2.963968 4
2.964967 4
2.965967 4
2.966967 4
2.967967 3
2.968967 -3
2.969967 -3
2.970967 -10
2.971967 -8
2.972967 -6
2.973967 -6
2.974967 -6
2.975967 -4
2.976967 -3
2.977967 3
2.978966 10
2.979966 10
2.980966 6
2.981966 0
2.982966 0
2.983966 0
2.984966 -3
2.985966 -12
2.986966 -12
2.987966 -10
2.988966 -6
2.989966 0
2.990966 0
2.991966 3
2.992965 11
2.993965 9
2.994965 6
2.995965 0
2.996965 0
2.997965 0
2.998965 0
2.999965 -2
3.000965 -11
3.001965 -10
3.002965 -7
3.003965 0
3.004965 0
3.005965 0
3.006964 0
3.007964 2
3.008964 2
3.009964 9
3.010964 9
3.011964 9
3.012964 8
3.013964 5
3.014964 0
3.015964 -23
3.016964 -21
3.017964 -16
3.018964 -10
3.019964 0
3.020963 0
3.021963 0
3.022963 0
3.023963 0
3.024963 0
3.025963 0
3.026963 0
3.027963 0
3.028963 0
3.029963 1
3.030963 1
3.031963 1
3.032963 1
3.033962 1
3.034962 1
3.035962 1
3.036962 1
3.037962 1
3.038962 1
3.039962 1
3.040962 1
3.041962 1
3.042962 1
3.043962 1
3.044962 -1
3.045962 -18
3.046962 -11
3.047961 -11
3.048961 -7
3.049961 0
3.050961 0
3.051961 0
3.052961 0
3.053961 0
3.054961 0
3.055961 2
3.056961 2
3.057961 2
3.058961 5
3.059961 5
3.060961 5
3.061960 4
3.062960 3
3.063960 -3
3.064960 -3
3.065960 -13
3.066960 -8
3.067960 -8
3.068960 -7
3.069960 -5
3.070960 0
3.071960 0
3.072960 0
3.073960 2
3.074960 13
3.075959 11
3.076959 11
3.077959 6
3.078959 0
3.079959 -20
3.080959 -13
3.081959 -12
3.082959 -8
3.083959 0
3.084959 0
3.085959 0
3.086959 0
3.087959 0
3.088959 0
3.089958 0
3.090958 0
3.091958 0
3.092958 0
3.093958 0
3.094958 0
3.095958 0
3.096958 1
3.097958 13
3.098958 11
3.099958 11
3.100958 7
3.101958 0
3.102957 -4
3.103957 -15
3.104957 -11
3.105957 -9
3.106957 -6
3.107957 0
3.108957 0
3.109957 0
3.110957 2
3.111957 2
3.112957 9
3.113957 9
3.114957 6
3.115957 4
3.116956 4
3.117956 4
3.118956 -5
3.119956 -16
3.120956 -13
3.121956 -12
3.122956 -7
3.123956 0
3.124956 0
3.125956 0
3.126956 0
3.127956 2
3.128956 15
3.129956 14
3.130955 11
3.131955 0
3.132955 0
3.133955 0
3.134955 -3
3.135955 -10
3.136955 -10
3.137955 -6
3.138955 0
3.139955 -4
3.140955 -4
3.141955 -4
3.142955 4
3.143955 12
3.144954 14
3.145954 11
3.146954 0
3.147954 0
3.148954 0
3.149954 0
3.150954 0
3.151954 0
3.152954 0
3.153954 0
3.154954 -2
3.155954 -2
3.156954 -2
3.157954 -2
3.158953 -2
3.159953 -2
3.160953 -2
3.161953 -2
3.162953 -2
3.163953 -2
3.164953 -1
3.165953 -1
3.166953 1
3.167953 12
3.168953 12
3.169953 8
3.170953 8
3.171952 6
3.172952 5
3.173952 0
3.174952 0
3.175952 0
3.176952 0
3.177952 0
3.178952 0
3.179952 0
3.180952 -1
3.181952 -1
3.182952 -1
3.183952 -1
3.184952 -1
3.185951 -1
3.186951 -1
3.187951 -1
3.188951 2
3.189951 2
3.190951 8
3.191951 8
3.192951 6
3.193951 0
3.194951 0
3.195951 0
3.196951 0
3.197951 0
3.198951 0
3.199950 0
3.200950 0
3.201950 0
3.202950 0
3.203950 0
3.204950 1
3.205950 1
3.206950 1
3.207950 1
3.208950 1
3.209950 1
3.210950 1
3.211950 1
3.212950 1
3.213949 1
3.214949 1
3.215949 1
3.216949 -1
3.217949 -11
3.218949 -11
3.219949 -9
3.220949 -9
3.221949 -6
3.222949 -5
3.223949 4
3.224949 13
3.225949 10
3.226948 8
3.227948 8
3.228948 6
3.229948 0
3.230948 0
3.231948 -3
3.232948 -12
3.233948 -13
3.234948 -13
3.235948 0
3.236948 0
3.237948 0
3.238948 0
3.239948 0
3.240947 2
3.241947 2
3.242947 9
3.243947 8
3.244947 6
3.245947 6
3.246947 6
3.247947 4
3.248947 4
3.249947 -3
3.250947 -3
3.251947 -12
3.252947 -9
3.253947 -8
3.254946 -8
3.255946 -5
3.256946 0
3.257946 16
3.258946 15
3.259946 0
3.260946 6
3.261946 6
3.262946 6
3.263946 -16
3.264946 -15
3.265946 -12
3.266946 0
3.267946 0
3.268945 0
3.269945 0
3.270945 0
3.271945 0
3.272945 2
3.273945 2
3.274945 9
3.275945 8
3.276945 5
3.277945 5
3.278945 5
3.279945 5
3.280945 4
3.281945 -4
3.282944 -18
3.283944 -15
3.284944 -8
3.285944 0
3.286944 0
3.287944 0
3.288944 3
3.289944 13
3.290944 13
3.291944 7
3.292944 7
3.293944 7
3.294944 -6
3.295943 -19
3.296943 -18
3.297943 -13
3.298943 -9
3.299943 0
3.300943 4
3.301943 4
3.302943 12
3.303943 13
3.304943 9
3.305943 0
3.306943 0
3.307943 0
3.308943 0
3.309942 -2
3.310942 -10
3.311942 -10
3.312942 -8
3.313942 -8
3.314942 -6
3.315942 -4
3.316942 4
3.317942 16
3.318942 14
3.319942 9
3.320942 0
3.321942 0
3.322942 0
3.323941 0
3.324941 -2
3.325941 -12
3.326941 -14
3.327941 -9
3.328941 0
3.329941 0
3.330941 0
3.331941 17
3.332941 17
3.333941 10
3.334941 10
3.335941 6
3.336941 -5
3.337940 -16
3.338940 -14
3.339940 -8
3.340940 0
3.341940 0
3.342940 0
3.343940 3
3.344940 3
3.345940 12
3.346940 9
3.347940 6
3.348940 6
3.349940 6
3.350940 5
3.351939 -4
3.352939 -20
3.353939 -15
3.354939 -8
3.355939 0
3.356939 0
3.357939 0
3.358939 3
3.359939 13
3.360939 15
3.361939 12
3.362939 7
3.363939 0
3.364938 0
3.365938 -3
3.366938 -19
3.367938 -15
3.368938 -9
3.369938 -7
3.370938 -7
3.371938 -5
3.372938 5
3.373938 20
3.374938 15
3.375938 8
3.376938 0
3.377938 0
3.378937 -3
3.379937 -15
3.380937 -13
3.381937 -11
3.382937 -8
3.383937 0
3.384937 0
3.385937 3
3.386937 17
3.387937 16
3.388937 10
3.389937 7
3.390937 7
3.391937 6
3.392936 -5
3.393936 -18
3.394936 -14
3.395936 -10
3.396936 -9
3.397936 -5
3.398936 5
3.399936 16
3.400936 15
3.401936 8
3.402936 8
3.403936 -7
3.404936 -21
3.405936 -19
3.406935 -10
3.407935 0
3.408935 0
3.409935 0
3.410935 0
3.411935 3
3.412935 12
3.413935 14
3.414935 11
3.415935 0
3.416935 0
3.417935 0
3.418935 0
3.419935 -27
3.420934 -19
3.421934 -16
3.422934 -11
3.423934 0
3.424934 0
3.425934 0
3.426934 0
3.427934 2
3.428934 2
3.429934 10
3.430934 12
3.431934 8
3.432934 0
3.433933 0
3.434933 -3
3.435933 -16
3.436933 -15
3.437933 -9
3.438933 -7
3.439933 -7
3.440933 -6
3.441933 21
3.442933 22
3.443933 15
3.444933 9
3.445933 0
3.446933 0
3.447932 -4
3.448932 -13
3.449932 -12
3.450932 -10
3.451932 0
3.452932 0
3.453932 0
3.454932 3
3.455932 17
3.456932 15
3.457932 0
3.458932 0
3.459932 -4
3.460932 -16
3.461931 -15
3.462931 -10
3.463931 0
3.464931 5
3.465931 18
3.466931 17
3.467931 0
3.468931 0
3.469931 0
3.470931 0
3.471931 -3
3.472931 -14
3.473931 -11
3.474931 0
3.475930 0
3.476930 0
3.477930 3
3.478930 3
3.479930 14
3.480930 14
3.481930 7
3.482930 0
3.483930 0
3.484930 0
3.485930 -3
3.486930 -16
3.487930 -14
3.488930 -12
3.489929 -8
3.490929 0
3.491929 0
3.492929 0
3.493929 0
3.494929 3
3.495929 24
3.496929 14
3.497929 13
3.498929 10
3.499929 0
3.500929 -24
3.501929 -25
3.502928 -16
3.503928 -14
3.504928 -8
3.505928 20
3.506928 18
3.507928 11
3.508928 10
3.509928 8
3.510928 6
3.511928 -4
3.512928 -18
3.513928 -20
3.514928 -11
3.515928 -10
3.516927 0
3.517927 4
3.518927 16
3.519927 15
3.520927 14
3.521927 0
3.522927 0
3.523927 0
3.524927 0
3.525927 -2
3.526927 -19
3.527927 -19
3.528927 -12
3.529927 -11
3.530926 0
3.531926 0
3.532926 0
3.533926 19
3.534926 20
3.535926 16
3.536926 13
3.537926 0
3.538926 -5
3.539926 -18
3.540926 -14
3.541926 -11
3.542926 -8
3.543926 -6
3.544925 4
3.545925 17
3.546925 19
3.547925 11
3.548925 11
3.549925 7
3.550925 0
3.551925 -4
3.552925 -12
3.553925 -20
3.554925 -14
3.555925 -7
3.556925 -7
3.557925 7
3.558924 7
3.559924 17
3.560924 10
3.561924 10
3.562924 7
3.563924 0
3.564924 -21
3.565924 -13
3.566924 -11
3.567924 -7
3.568924 0
3.569924 4
3.570924 17
3.571923 12
3.572923 11
3.573923 8
3.574923 -6
3.575923 -20
3.576923 -13
3.577923 -13
3.578923 -7
3.579923 0
3.580923 4
3.581923 22
3.582923 15
3.583923 14
3.584923 0
3.585922 0
3.586922 -19
3.587922 -21
3.588922 -15
3.589922 -10
3.590922 0
3.591922 0
3.592922 17
3.593922 17
3.594922 11
3.595922 10
3.596922 5
3.597922 0
3.598922 0
3.599921 -3
3.600921 -15
3.601921 -12
3.602921 -10
3.603921 -7
3.604921 0
3.605921 0
3.606921 3
3.607921 12
3.608921 14
3.609921 10
3.610921 7
3.611921 7
3.612921 5
3.613920 4
3.614920 -17
3.615920 -20
3.616920 -13
3.617920 -13
3.618920 0
3.619920 0
3.620920 0
3.621920 3
3.622920 14
3.623920 13
3.624920 12
3.625920 7
3.626920 7
3.627919 7
3.628919 -20
3.629919 -21
3.630919 -18
3.631919 -9
3.632919 0
3.633919 0
3.634919 3
3.635919 20
3.636919 15
3.637919 12
3.638919 8
3.639919 0
3.640918 0
3.641918 0
3.642918 3
3.643918 3
3.644918 3
3.645918 3
3.646918 3
3.647918 3
3.648918 -20
3.649918 -26
3.650918 -15
3.651918 -12
3.652918 -8
3.653918 0
3.654917 16
3.655917 14
3.656917 12
3.657917 7
3.658917 0
3.659917 0
3.660917 -3
3.661917 -21
3.662917 -14
3.663917 -13
3.664917 0
3.665917 0
3.666917 4
3.667917 20
3.668916 13
3.669916 0
3.670916 0
3.671916 0
3.672916 -3
3.673916 -22
3.674916 -14
3.675916 -9
3.676916 0
3.677916 0
3.678916 3
3.679916 3
3.680916 14
3.681916 14
3.682915 8
3.683915 8
3.684915 6
3.685915 5
3.686915 -21
3.687915 -19
3.688915 -14
3.689915 -12
3.690915 0
3.691915 0
3.692915 22
3.693915 18
3.694915 15
3.695915 11
3.696914 0
3.697914 0
3.698914 -4
3.699914 -13
3.700914 -15
3.701914 -13
3.702914 0
3.703914 0
3.704914 0
3.705914 0
3.706914 3
3.707914 23
3.708914 14
3.709913 14
3.710913 7
3.711913 7
3.712913 7
3.713913 -21
3.714913 -22
3.715913 -17
3.716913 0
3.717913 0
3.718913 0
3.719913 4
3.720913 13
3.721913 12
3.722913 11
3.723912 7
3.724912 0
3.725912 0
3.726912 -3
3.727912 -18
3.728912 -16
3.729912 -12
3.730912 -9
3.731912 -9
3.732912 6
3.733912 19
3.734912 19
3.735912 13
3.736912 9
3.737911 0
3.738911 0
3.739911 0
3.740911 3
3.741911 3
3.742911 3
3.743911 3
3.744911 3
3.745911 3
3.746911 -19
3.747911 -20
3.748911 -12
3.749911 -11
3.750911 0
3.751910 0
3.752910 0
3.753910 0
3.754910 0
3.755910 0
3.756910 0
3.757910 0
3.758910 0
3.759910 0
3.760910 0
3.761910 0
3.762910 0
3.763910 0
3.764910 0
3.765909 0
3.766909 0
3.767909 0
3.768909 0
3.769909 0
3.770909 0
3.771909 0
3.772909 0
3.773909 0
3.774909 0
3.775909 0
3.776909 0
3.777909 0
3.778908 0
3.779908 0
3.780908 0
3.781908 0
3.782908 22
3.783908 19
3.784908 14
3.785908 0
3.786908 7
3.787908 7
3.788908 5
3.789908 4
3.790908 0
3.791908 0
3.792907 0
3.793907 0
3.794907 0
3.795907 0
3.796907 0
3.797907 0
3.798907 0
3.799907 0
3.800907 0
3.801907 0
3.802907 0
3.803907 0
3.804907 0
3.805907 0
3.806906 0
3.807906 0
3.808906 0
3.809906 0
3.810906 0
3.811906 0
3.812906 0
3.813906 0
3.814906 1
3.815906 1
3.816906 1
3.817906 1
3.818906 3
3.819906 3
3.820905 3
3.821905 3
3.822905 3
3.823905 3
3.824905 -3
3.825905 -22
3.826905 -20
3.827905 -13
3.828905 -7
3.829905 -7
3.830905 -6
3.831905 6
3.832905 13
3.833905 13
3.834904 9
3.835904 0
3.836904 -5
3.837904 -18
3.838904 -16
3.839904 -14
3.840904 -8
3.841904 0
3.842904 0
3.843904 0
3.844904 -3
3.845904 -10
3.846904 -12
3.847903 -12
3.848903 -7
3.849903 0
3.850903 0
3.851903 0
3.852903 0
3.853903 -2
3.854903 -2
3.855903 -2
3.856903 -2
3.857903 -2
3.858903 -2
3.859903 -2
3.860903 -2
3.861902 -2
3.862902 -2
3.863902 -1
3.864902 -1
3.865902 1
3.866902 16
3.867902 17
3.868902 12
3.869902 11
3.870902 0
3.871902 0
3.872902 0
3.873902 3
3.874902 3
3.875901 3
3.876901 3
3.877901 3
3.878901 3
3.879901 -2
3.880901 -20
3.881901 -14
3.882901 -12
3.883901 -10
3.884901 -9
3.885901 -6
3.886901 0
3.887901 0
3.888901 3
3.889900 18
3.890900 15
3.891900 14
3.892900 8
3.893900 6
3.894900 6
3.895900 6
3.896900 4
3.897900 3
3.898900 -3
3.899900 -22
3.900900 -23
3.901900 -15
3.902900 -12
3.903899 0
3.904899 -5
3.905899 -5
3.906899 -5
3.907899 -5
3.908899 -5
3.909899 -5
3.910899 4
3.911899 22
3.912899 18
3.913899 14
3.914899 10
3.915899 0
3.916898 0
3.917898 0
3.918898 -3
3.919898 -16
3.920898 -11
3.921898 -11
3.922898 -6
3.923898 0
3.924898 0
3.925898 3
3.926898 15
3.927898 22
3.928898 12
3.929898 12
3.930897 0
3.931897 5
3.932897 5
3.933897 5
3.934897 -4
3.935897 -4
3.936897 -16
3.937897 -16
3.938897 -11
3.939897 0
3.940897 0
3.941897 0
3.942897 17
3.943897 22
3.944896 0
3.945896 7
3.946896 7
3.947896 -8
3.948896 -22
3.949896 -17
3.950896 -14
3.951896 -8
3.952896 5
3.953896 23
3.954896 17
3.955896 11
3.956896 9
3.957896 6
3.958895 -4
3.959895 -22
3.960895 -17
3.961895 -12
3.962895 -10
3.963895 -7
3.964895 5
3.965895 22
3.966895 17
3.967895 13
3.968895 0
3.969895 0
3.970895 -17
3.971895 -17
3.972894 -14
3.973894 -8
3.974894 0
3.975894 0
3.976894 16
3.977894 17
3.978894 10
3.979894 8
3.980894 8
3.981894 6
3.982894 -5
3.983894 -19
3.984894 -13
3.985893 -13
3.986893 -7
3.987893 0
3.988893 19
3.989893 16
3.990893 10
3.991893 0
3.992893 0
3.993893 0
3.994893 -3
3.995893 -11
3.996893 -10
3.997893 -10
3.998893 -7
