0.000000 0
0.001000 0
0.002000 0
0.003000 0
0.004000 0
0.005000 0
0.006000 0
0.007000 531
0.008000 812
0.009000 896
0.010000 972
0.011000 999
0.012000 1062
0.013000 1052
0.014000 1101
0.015000 1090
0.016000 1073
0.017000 1083
0.018000 1061
0.019000 1057
0.020000 1010
0.021000 983
0.022000 963
0.023000 953
0.024000 912
0.025000 907
0.026000 867
0.027000 855
0.028000 869
0.029000 845
0.030000 829
0.031000 816
0.032000 784
0.033000 765
0.034000 739
0.035000 730
0.036000 708
0.037000 712
0.038000 659
0.039000 677
0.040000 656
0.041000 638
0.042000 622
0.043000 608
0.044000 589
0.045000 597
0.046000 578
0.047000 559
0.048000 548
0.049000 540
0.050000 515
0.051000 494
0.052000 501
0.053000 477
0.054000 477
0.055000 456
0.056000 445
0.057000 423
0.058000 417
0.059000 412
0.060000 376
0.061000 359
0.062000 362
0.063000 344
0.064000 338
0.065000 324
0.066000 291
0.067000 272
0.068000 272
0.069000 262
0.070000 241
0.071000 243
0.072000 228
0.073000 211
0.074000 196
0.075000 174
0.076000 162
0.077000 163
0.078000 147
0.079000 144
0.080000 134
0.081000 113
0.082000 112
0.083000 108
0.084000 99
0.085000 78
0.086000 52
0.087000 61
0.088000 56
0.089000 41
0.090000 33
0.091000 23
0.092000 14
0.093000 12
0.094000 0
0.095000 0
0.096000 -29
0.097000 -45
0.098000 -37
0.099000 -32
0.100000 -39
0.101000 -42
0.102000 -57
0.103000 -69
0.104000 -64
0.105000 -63
0.106000 -86
0.107000 -86
0.108000 -93
0.109000 -99
0.110000 -76
0.111000 -114
0.112000 -97
0.113000 -128
0.114000 -111
0.115000 -127
0.116000 -113
0.117000 -137
0.118000 -138
0.119000 -149
0.120000 -151
0.121000 -148
0.122000 -153
0.123000 -158
0.124000 -143
0.125000 -175
0.126000 -164
0.127000 -150
0.128000 -162
0.129000 -165
0.130000 -184
0.131000 -161
0.132000 -184
0.133000 -181
0.134000 -189
0.135000 -174
0.136000 -174
0.137000 -184
0.138000 -172
0.139000 -171
0.140000 -169
0.141000 -180
0.142000 -183
0.143000 -163
0.144000 -170
0.145000 -203
0.146000 -176
0.147000 -167
0.148000 -166
0.149000 -184
0.150000 -183
0.151000 -168
0.152000 -155
0.153000 -174
0.154000 -170
0.155000 -159
0.156000 -148
0.157000 -175
0.158000 -169
0.159000 -153
0.160000 -173
0.161000 -164
0.162000 -152
0.163000 -165
0.164000 -160
0.165000 -144
0.166000 -150
0.167000 -147
0.168000 -138
0.169000 -133
0.170000 -140
0.171000 -149
0.172000 -136
0.173000 -125
0.174000 -128
0.175000 -95
0.176000 -139
0.177000 -107
0.178000 -137
0.179000 -111
0.180000 -115
0.181000 -87
0.182000 -112
0.183000 -88
0.184000 -103
0.185000 -100
0.186000 -101
0.187000 -106
0.188000 -100
0.189000 -83
0.190000 -86
0.191000 -86
0.192000 -81
0.193000 -68
0.194000 -92
0.195000 -76
0.196000 -62
0.197000 -81
0.198000 -68
0.199000 -64
0.200000 -63
0.201000 -65
0.202000 -74
0.203000 -51
0.204000 -48
0.205000 -61
0.206000 -49
0.207000 -44
0.208000 -42
0.209000 -36
0.210000 -43
0.211000 -38
0.212000 -34
0.213000 -43
0.214000 -31
0.215000 -22
0.216000 -28
0.217000 -33
0.218000 -29
0.219000 -28
0.220000 -29
0.221000 -18
0.222000 -18
0.223000 -15
0.224000 -10
0.225000 -10
0.226000 -6
0.227000 -5
0.228000 -5
0.229000 -5
0.230000 -4
0.231000 -3
0.232000 0
0.233000 0
0.234000 0
0.235000 0
0.236000 0
0.237000 0
0.238000 0
0.239000 1
0.240000 1
0.241000 8
0.242000 8
0.243000 7
0.244000 7
0.245000 6
0.246000 6
0.247000 10
0.248000 11
0.249000 13
0.250000 17
0.251000 15
0.252000 18
0.253000 21
0.254000 23
0.255000 21
0.256000 25
0.257000 34
0.258000 36
0.259000 28
0.260000 36
0.261000 35
0.262000 29
0.263000 28
0.264000 34
0.265000 41
0.266000 35
0.267000 35
0.268000 36
0.269000 33
0.270000 22
0.271000 36
0.272000 33
0.273000 38
0.274000 37
0.275000 32
0.276000 37
0.277000 30
0.278000 34
0.279000 38
0.280000 43
0.281000 41
0.282000 34
0.283000 37
0.284000 30
0.285000 40
0.286000 35
0.287000 38
0.288000 35
0.289000 37
0.290000 28
0.291000 36
0.292000 38
0.293000 35
0.294000 35
0.295000 38
0.296000 38
0.297000 30
0.298000 30
0.299000 33
0.300000 32
0.301000 34
0.302000 31
0.303000 34
0.304000 33
0.305000 23
0.306000 29
0.307000 30
0.308000 27
0.309000 26
0.310000 23
0.311000 31
0.312000 22
0.313000 23
0.314000 30
0.314999 25
0.315999 35
0.316999 25
0.317999 27
0.318999 20
0.319999 18
0.320999 22
0.321999 24
0.322999 16
0.323999 14
0.324999 20
0.325999 19
0.326999 20
0.327999 23
0.328999 12
0.329999 12
0.330999 10
0.331999 10
0.332999 10
0.333999 12
0.334999 11
0.335999 11
0.336999 12
0.337999 12
0.338999 8
0.339999 8
0.340999 10
0.341999 8
0.342999 6
0.343999 6
0.344999 6
0.345999 6
0.346999 9
0.347999 9
0.348999 7
0.349999 7
0.350999 7
0.351999 6
0.352999 6
0.353999 6
0.354999 4
0.355999 3
0.356999 0
0.357999 0
0.358999 0
0.359999 0
0.360999 0
0.361999 1
0.362999 1
0.363999 7
0.364999 7
0.365999 8
0.366999 8
0.367999 6
0.368999 5
0.369999 0
0.370999 0
0.371999 0
0.372999 0
0.373999 0
0.374999 0
0.375999 0
0.376999 0
0.377999 0
0.378999 0
0.379999 0
0.380999 0
0.381999 0
0.382999 0
0.383999 0
0.384999 0
0.385999 0
0.386999 -1
0.387999 -1
0.388999 -1
0.389999 -1
0.390999 -1
0.391998 -1
0.392998 -1
0.393998 -1
0.394998 -1
0.395998 -1
0.396998 -1
0.397998 -1
0.398998 -1
0.399998 -1
0.400998 -1
0.401998 -1
0.402998 -1
0.403998 -1
0.404998 -1
0.405998 -1
0.406998 -1
0.407998 -1
0.408998 -1
0.409998 -1
0.410998 -1
0.411998 -1
0.412998 -1
0.413998 -2
0.414998 -2
0.415998 -12
0.416998 -12
0.417998 -9
0.418998 -9
0.419998 -8
0.420998 -5
0.421998 0
0.422998 -3
0.423998 -3
0.424998 -9
0.425998 -14
0.426998 -12
0.427998 -9
0.428998 -6
0.429998 -6
0.430998 -6
0.431998 -5
0.432998 -4
0.433998 -3
0.434998 -3
0.435998 -10
0.436998 -12
0.437998 -11
0.438998 -11
0.439998 -9
0.440998 -12
0.441998 -10
0.442998 -10
0.443998 -10
0.444998 -9
0.445998 -9
0.446998 -7
0.447998 -5
0.448998 -4
0.449998 -4
0.450998 -4
0.451998 -4
0.452998 -4
0.453998 -7
0.454998 -7
0.455998 -7
0.456998 -7
0.457998 -9
0.458998 -9
0.459998 -9
0.460998 -11
0.461998 -9
0.462998 -9
0.463998 -8
0.464998 -5
0.465998 -4
0.466998 -4
0.467998 -4
0.468998 -6
0.469997 -10
0.470997 -9
0.471997 -6
0.472997 0
0.473997 -4
0.474997 -4
0.475997 -4
0.476997 -6
0.477997 -6
0.478997 -6
0.479997 -6
0.480997 -6
0.481997 -4
0.482997 -3
0.483997 0
0.484997 0
0.485997 0
0.486997 0
0.487997 0
0.488997 0
0.489997 0
0.490997 0
0.491997 -1
0.492997 -1
0.493997 -1
0.494997 -7
0.495997 -9
0.496997 -9
0.497997 -6
0.498997 0
0.499997 0
0.500997 0
0.501997 0
0.502997 0
0.503997 0
0.504997 0
0.505997 0
0.506997 0
0.507997 0
0.508997 0
0.509997 0
0.510997 1
0.511997 1
0.512997 1
0.513997 1
0.514997 1
0.515997 1
0.516997 1
0.517997 1
0.518997 1
0.519997 1
0.520997 1
0.521997 1
0.522997 1
0.523997 -1
0.524997 -1
0.525997 -1
0.526997 -1
0.527997 -1
0.528997 -1
0.529997 -1
0.530997 -1
0.531997 -1
0.532997 -1
0.533997 -1
0.534997 -1
0.535997 -1
0.536997 -1
0.537997 -1
0.538997 -1
0.539997 -1
0.540997 -1
0.541997 -1
0.542997 -1
0.543997 1
0.544997 1
0.545997 1
0.546997 1
0.547997 1
0.548997 1
0.549996 1
0.550996 1
0.551996 1
0.552996 1
0.553996 1
0.554996 1
0.555996 1
0.556996 1
0.557996 1
0.558996 1
0.559996 1
0.560996 1
0.561996 1
0.562996 1
0.563996 1
0.564996 1
0.565996 1
0.566996 1
0.567996 1
0.568996 1
0.569996 1
0.570996 5
0.571996 5
0.572996 6
0.573996 6
0.574996 6
0.575996 5
0.576996 4
0.577996 3
0.578996 0
0.579996 0
0.580996 0
0.581996 0
0.582996 -2
0.583996 -2
0.584996 -2
0.585996 -2
0.586996 -2
0.587996 -2
0.588996 2
0.589996 2
0.590996 10
0.591996 12
0.592996 10
0.593996 7
0.594996 0
0.595996 0
0.596996 0
0.597996 0
0.598996 0
0.599996 0
0.600996 0
0.601996 0
0.602996 0
0.603996 0
0.604996 0
0.605996 0
0.606996 0
0.607996 1
0.608996 1
0.609996 9
0.610996 10
0.611996 10
0.612996 6
0.613996 5
0.614996 5
0.615996 5
0.616996 4
0.617996 3
0.618996 0
0.619996 0
0.620996 0
0.621996 0
0.622996 0
0.623996 0
0.624996 0
0.625996 0
0.626996 0
0.627995 1
0.628995 10
0.629995 10
0.630995 11
0.631995 9
0.632995 0
0.633995 0
0.634995 0
0.635995 0
0.636995 0
0.637995 0
0.638995 0
0.639995 0
0.640995 -2
0.641995 -2
0.642995 -2
0.643995 -2
0.644995 -2
0.645995 -2
0.646995 -2
0.647995 -2
0.648995 -2
0.649995 -1
0.650995 -1
0.651995 1
0.652995 1
0.653995 1
0.654995 1
0.655995 1
0.656995 1
0.657995 1
0.658995 1
0.659995 1
0.660995 1
0.661995 1
0.662995 1
0.663995 1
0.664995 1
0.665995 1
0.666995 1
0.667995 -1
0.668995 -1
0.669995 -1
0.670995 -1
0.671995 -1
0.672995 -1
0.673995 -1
0.674995 -1
0.675995 -1
0.676995 -1
0.677995 -1
0.678995 -1
0.679995 -1
0.680995 1
0.681995 1
0.682995 1
0.683995 1
0.684995 1
0.685995 1
0.686995 1
0.687995 1
0.688995 1
0.689995 1
0.690995 1
0.691995 1
0.692995 1
0.693995 1
0.694995 1
0.695995 1
0.696995 1
0.697995 1
0.698995 1
0.699995 1
0.700995 1
0.701995 -1
0.702995 -1
0.703995 -1
0.704994 -1
0.705994 -1
0.706994 -1
0.707994 -1
0.708994 -1
0.709994 -1
0.710994 -1
0.711994 -1
0.712994 -1
0.713994 -1
0.714994 -1
0.715994 -1
0.716994 -1
0.717994 -1
0.718994 -1
0.719994 -1
0.720994 -1
0.721994 -1
0.722994 -1
0.723994 -1
0.724994 -1
0.725994 -1
0.726994 -1
0.727994 -1
0.728994 -1
0.729994 -1
0.730994 0
0.731994 0
0.732994 0
0.733994 0
0.734994 0
0.735994 0
0.736994 0
0.737994 0
0.738994 0
0.739994 0
0.740994 0
0.741994 0
0.742994 0
0.743994 0
0.744994 0
0.745994 0
0.746994 0
0.747994 0
0.748994 0
0.749994 0
0.750994 0
0.751994 0
0.752994 0
0.753994 0
0.754994 0
0.755994 0
0.756994 0
0.757994 0
0.758994 0
0.759994 0
0.760994 0
0.761994 0
0.762994 0
0.763994 0
0.764994 0
0.765994 0
0.766994 0
0.767994 0
0.768994 0
0.769994 0
0.770994 0
0.771994 0
0.772994 0
0.773994 0
0.774994 0
0.775994 0
0.776994 0
0.777994 0
0.778994 0
0.779994 0
0.780994 0
0.781994 0
0.782993 0
0.783993 0
0.784993 -4
0.785993 -4
0.786993 -4
0.787993 -4
0.788993 -3
0.789993 -3
0.790993 -2
0.791993 -2
0.792993 0
0.793993 0
0.794993 0
0.795993 0
0.796993 0
0.797993 0
0.798993 1
0.799993 1
0.800993 1
0.801993 1
0.802993 1
0.803993 1
0.804993 -2
0.805993 -2
0.806993 -6
0.807993 -6
0.808993 -6
0.809993 -5
0.810993 -4
0.811993 0
0.812993 0
0.813993 0
0.814993 0
0.815993 0
0.816993 0
0.817993 0
0.818993 0
0.819993 0
0.820993 0
0.821993 0
0.822993 -1
0.823993 -1
0.824993 -6
0.825993 -6
0.826993 -6
0.827993 -5
0.828993 -3
0.829993 0
0.830993 0
0.831993 0
0.832993 0
0.833993 0
0.834993 0
0.835993 0
0.836993 0
0.837993 0
0.838993 -1
0.839993 -1
0.840993 -1
0.841993 -1
0.842993 -1
0.843993 -1
0.844993 -1
0.845993 -1
0.846993 -1
0.847993 -1
0.848993 1
0.849993 1
0.850993 1
0.851993 1
0.852993 1
0.853993 1
0.854993 1
0.855993 1
0.856993 2
0.857993 2
0.858993 2
0.859993 2
0.860992 2
0.861992 2
0.862992 -2
0.863992 -2
0.864992 -2
0.865992 -5
0.866992 -5
0.867992 -5
0.868992 -4
0.869992 -4
0.870992 -3
0.871992 0
0.872992 0
0.873992 0
0.874992 2
0.875992 2
0.876992 2
0.877992 2
0.878992 2
0.879992 2
0.880992 2
0.881992 2
0.882992 2
0.883992 2
0.884992 1
0.885992 1
0.886992 1
0.887992 1
0.888992 1
0.889992 -1
0.890992 -1
0.891992 -1
0.892992 -5
0.893992 -5
0.894992 -5
0.895992 -4
0.896992 -3
0.897992 -3
0.898992 0
0.899992 0
0.900992 2
0.901992 2
0.902992 2
0.903992 2
0.904992 3
0.905992 3
0.906992 3
0.907992 3
0.908992 3
0.909992 3
0.910992 -3
0.911992 -3
0.912992 -12
0.913992 -9
0.914992 -9
0.915992 -6
0.916992 0
0.917992 0
0.918992 0
0.919992 0
0.920992 0
0.921992 0
0.922992 0
0.923992 1
0.924992 1
0.925992 1
0.926992 1
0.927992 1
0.928992 1
0.929992 1
0.930992 1
0.931992 1
0.932992 1
0.933992 1
0.934992 1
0.935992 1
0.936992 1
0.937991 1
0.938991 1
0.939991 1
0.940991 1
0.941991 1
0.942991 1
0.943991 1
0.944991 0
0.945991 0
0.946991 0
0.947991 0
0.948991 0
0.949991 0
0.950991 0
0.951991 0
0.952991 0
0.953991 0
0.954991 0
0.955991 0
0.956991 0
0.957991 0
0.958991 0
0.959991 0
0.960991 0
0.961991 0
0.962991 0
0.963991 0
0.964991 0
0.965991 0
0.966991 0
0.967991 0
0.968991 0
0.969991 4
0.970991 4
0.971991 5
0.972991 5
0.973991 5
0.974991 5
0.975991 4
0.976991 3
0.977991 0
0.978991 0
0.979991 0
0.980991 0
0.981991 0
0.982991 0
0.983991 0
0.984991 -1
0.985991 -1
0.986991 -1
0.987991 -1
0.988991 -1
0.989991 -1
0.990991 -1
0.991991 -1
0.992991 2
0.993991 2
0.994991 2
0.995991 2
0.996991 2
0.997991 2
0.998991 2
0.999991 2
1.000991 2
1.001991 2
1.002991 2
1.003991 2
1.004991 2
1.005991 2
1.006991 2
1.007991 2
1.008991 2
1.009991 2
1.010991 1
1.011991 1
1.012991 1
1.013991 1
1.014991 1
1.015991 1
1.016991 0
1.017992 1
1.018992 1
1.019992 1
1.020992 1
1.021992 4
1.022992 4
1.023992 4
1.024992 4
1.025992 3
1.026992 3
1.027992 2
1.028992 2
1.029992 0
1.030992 0
1.031992 -1
1.032992 -1
1.033992 -1
1.034992 -1
1.035992 -1
1.036992 -1
1.037992 -1
1.038993 -1
1.039993 -1
1.040993 -1
1.041993 1
1.042993 1
1.043993 8
1.044993 8
1.045993 6
1.046993 4
1.047993 0
1.048993 0
1.049993 0
1.050993 0
1.051993 0
1.052993 0
1.053993 0
1.054993 -1
1.055993 -1
1.056993 -1
1.057993 -1
1.058993 -1
1.059994 -1
1.060994 -1
1.061994 -1
1.062994 -1
1.063994 -1
1.064994 1
1.065994 1
1.066994 1
1.067994 1
1.068994 1
1.069994 1
1.070994 1
1.071994 1
1.072994 1
1.073994 1
1.074994 1
1.075994 1
1.076994 1
1.077994 1
1.078994 -1
1.079994 -1
1.080994 -1
1.081995 -1
1.082995 -1
1.083995 -1
1.084995 -1
1.085995 2
1.086995 2
1.087995 2
1.088995 2
1.089995 4
1.090995 4
1.091995 4
1.092995 4
1.093995 3
1.094995 2
1.095995 -2
1.096995 -2
1.097995 -2
1.098995 -2
1.099995 -2
1.100995 -2
1.101995 -2
1.102996 -2
1.103996 -2
1.104996 2
1.105996 2
1.106996 5
1.107996 5
1.108996 5
1.109996 5
1.110996 4
1.111996 3
1.112996 0
1.113996 0
1.114996 0
1.115996 0
1.116996 -2
1.117996 -2
1.118996 -2
1.119996 -2
1.120996 -2
1.121996 -2
1.122996 -2
1.123996 -2
1.124997 -2
1.125997 -1
1.126997 -1
1.127997 -1
1.128997 -1
1.129997 -1
1.130997 -1
1.131997 -1
1.132997 -1
1.133997 0
1.134997 0
1.135997 0
1.136997 0
1.137997 0
1.138997 0
1.139997 0
1.140997 0
1.141997 0
1.142997 0
1.143997 0
1.144997 0
1.145998 0
1.146998 0
1.147998 0
1.148998 0
1.149998 0
1.150998 0
1.151998 0
1.152998 0
1.153998 0
1.154998 0
1.155998 0
1.156998 0
1.157998 0
1.158998 0
1.159998 0
1.160998 0
1.161998 0
1.162998 0
1.163998 0
1.164998 0
1.165998 0
1.166999 0
1.167999 0
1.168999 0
1.169999 0
1.170999 0
1.171999 0
1.172999 0
1.173999 0
1.174999 0
1.175999 0
1.176999 0
1.177999 0
1.178999 0
1.179999 0
1.180999 0
1.181999 -4
1.182999 -4
1.183999 -4
1.184999 -4
1.185999 -4
1.186999 -4
1.187999 -4
1.189000 -3
1.190000 -3
1.191000 -2
1.192000 0
1.193000 0
1.194000 0
1.195000 0
1.196000 0
1.197000 0
1.198000 -1
1.199000 -1
1.200000 -9
1.201000 -9
1.202000 -7
1.203000 -7
1.204000 -7
1.205000 -4
1.206000 -4
1.207000 0
1.208000 0
1.209000 2
1.210001 2
1.211001 2
1.212001 5
1.213001 5
1.214001 5
1.215001 4
1.216001 3
1.217001 0
1.218001 0
1.219001 0
1.220001 -2
1.221001 -2
1.222001 -8
1.223001 -8
1.224001 -6
1.225001 0
1.226001 0
1.227001 0
1.228001 0
1.229001 0
1.230001 0
1.231001 0
1.232002 0
1.233002 0
1.234002 0
1.235002 1
1.236002 1
1.237002 1
1.238002 1
1.239002 1
1.240002 1
1.241002 1
1.242002 1
1.243002 1
1.244002 -2
1.245002 -2
1.246002 -2
1.247002 -2
1.248002 -2
1.249002 -2
1.250002 -2
1.251002 -2
1.252002 -2
1.253003 -2
1.254003 -1
1.255003 -1
1.256003 -1
1.257003 1
1.258003 1
1.259003 1
1.260003 1
1.261003 1
1.262003 1
1.263003 1
1.264003 1
1.265003 1
1.266003 1
1.267003 1
1.268003 1
1.269003 1
1.270003 1
1.271003 1
1.272003 -1
1.273003 -1
1.274004 -1
1.275004 -1
1.276004 -1
1.277004 -1
1.278004 -1
1.279004 -1
1.280004 -1
1.281004 -1
1.282004 -1
1.283004 -1
1.284004 -1
1.285004 -1
1.286004 -1
1.287004 1
1.288004 1
1.289004 1
1.290004 1
1.291004 1
1.292004 1
1.293004 1
1.294004 1
1.295004 1
1.296005 -2
1.297005 -2
1.298005 -2
1.299005 -7
1.300005 -7
1.301005 -5
1.302005 -4
1.303005 0
1.304005 0
1.305005 0
1.306005 0
1.307005 2
1.308005 2
1.309005 2
1.310005 2
1.311005 4
1.312005 4
1.313005 4
1.314005 4
1.315005 3
1.316005 3
1.317006 2
1.318006 0
1.319006 -2
1.320006 -11
1.321006 -8
1.322006 -8
1.323006 -8
1.324006 -5
1.325006 5
1.326006 13
1.327006 9
1.328006 6
1.329006 6
1.330006 6
1.331006 4
1.332006 -4
1.333006 -4
1.334006 -9
1.335006 -8
1.336006 -6
1.337006 0
1.338006 0
1.339007 0
1.340007 0
1.341007 0
1.342007 2
1.343007 10
1.344007 10
1.345007 9
1.346007 8
1.347007 6
1.348007 0
1.349007 0
1.350007 0
1.351007 0
1.352007 0
1.353007 0
1.354007 -2
1.355007 -2
1.356007 -2
1.357007 -6
1.358007 -6
1.359007 -5
1.360008 -4
1.361008 -3
1.362008 0
1.363008 2
1.364008 19
1.365008 12
1.366008 10
1.367008 0
1.368008 0
1.369008 0
1.370008 0
1.371008 0
1.372008 0
1.373008 0
1.374008 -2
1.375008 -12
1.376008 -10
1.377008 -10
1.378008 -7
1.379008 5
1.380008 15
1.381009 22
1.382009 0
1.383009 7
1.384009 7
1.385009 5
1.386009 4
1.387009 0
1.388009 0
1.389009 0
1.390009 0
1.391009 -2
1.392009 -2
1.393009 -2
1.394009 -2
1.395009 -2
1.396009 -2
1.397009 -2
1.398009 -2
1.399009 -2
1.400009 -2
1.401009 -1
1.402009 -1
1.403010 -1
1.404010 -1
1.405010 -1
1.406010 -1
1.407010 0
1.408010 0
1.409010 1
1.410010 1
1.411010 1
1.412010 1
1.413010 4
1.414010 4
1.415010 4
1.416010 4
1.417010 3
1.418010 3
1.419010 2
1.420010 0
1.421010 -2
1.422010 -2
1.423010 -2
1.424011 -2
1.425011 -2
1.426011 -2
1.427011 -2
1.428011 -2
1.429011 2
1.430011 2
1.431011 8
1.432011 8
1.433011 6
1.434011 4
1.435011 0
1.436011 0
1.437011 0
1.438011 0
1.439011 0
1.440011 0
1.441011 0
1.442011 0
1.443011 0
1.444011 -1
1.445011 -1
1.446012 -1
1.447012 -1
1.448012 -1
1.449012 -1
1.450012 -1
1.451012 -1
1.452012 -1
1.453012 -1
1.454012 -1
1.455012 1
1.456012 1
1.457012 1
1.458012 1
1.459012 1
1.460012 1
1.461012 1
1.462012 1
1.463012 1
1.464012 1
1.465012 1
1.466012 1
1.467013 1
1.468013 1
1.469013 -1
1.470013 -1
1.471013 -1
1.472013 -1
1.473013 -1
1.474013 -1
1.475013 -1
1.476013 -1
1.477013 -1
1.478013 -1
1.479013 -1
1.480013 -1
1.481013 1
1.482013 1
1.483013 1
1.484013 1
1.485013 1
1.486013 1
1.487013 1
1.488014 1
1.489014 1
1.490014 1
1.491014 1
1.492014 1
1.493014 1
1.494014 1
1.495014 1
1.496014 -1
1.497014 -1
1.498014 -1
1.499014 -1
1.500014 -1
1.501014 -1
1.502014 -1
1.503014 -1
1.504014 -1
1.505014 -1
1.506014 1
1.507014 1
1.508014 7
1.509014 7
1.510015 6
1.511015 5
1.512015 3
1.513015 0
1.514015 0
1.515015 -2
1.516015 -2
1.517015 -8
1.518015 -8
1.519015 -6
1.520015 -6
1.521015 -6
1.522015 -4
1.523015 -4
1.524015 3
1.525015 10
1.526015 14
1.527015 11
1.528015 0
1.529015 0
1.530015 0
1.531016 -3
1.532016 -11
1.533016 -11
1.534016 -10
1.535016 -10
1.536016 -5
1.537016 0
1.538016 0
1.539016 0
1.540016 0
1.541016 2
1.542016 2
1.543016 2
1.544016 5
1.545016 5
1.546016 5
1.547016 4
1.548016 3
1.549016 3
1.550016 0
1.551016 -2
1.552016 -2
1.553017 -7
1.554017 -7
1.555017 -6
1.556017 -4
1.557017 0
1.558017 0
1.559017 0
1.560017 0
1.561017 0
1.562017 0
1.563017 0
1.564017 0
1.565017 0
1.566017 0
1.567017 0
1.568017 0
1.569017 1
1.570017 1
1.571017 1
1.572017 1
1.573017 1
1.574018 1
1.575018 1
1.576018 1
1.577018 1
1.578018 1
1.579018 -2
1.580018 -2
1.581018 -8
1.582018 -8
1.583018 -5
1.584018 0
1.585018 0
1.586018 0
1.587018 0
1.588018 0
1.589018 0
1.590018 0
1.591018 0
1.592018 0
1.593018 1
1.594018 1
1.595019 1
1.596019 1
1.597019 1
1.598019 1
1.599019 1
1.600019 1
1.601019 -2
1.602019 -13
1.603019 -10
1.604019 -9
1.605019 -6
1.606019 0
1.607019 0
1.608019 0
1.609019 0
1.610019 0
1.611019 0
1.612019 0
1.613019 1
1.614019 1
1.615019 1
1.616019 1
1.617020 1
1.618020 1
1.619020 1
1.620020 1
1.621020 1
1.622020 1
1.623020 -2
1.624020 -2
1.625020 -7
1.626020 -7
1.627020 -5
1.628020 -4
1.629020 0
1.630020 0
1.631020 0
1.632020 0
1.633020 0
1.634020 0
1.635020 0
1.636020 0
1.637020 1
1.638021 1
1.639021 1
1.640021 1
1.641021 1
1.642021 1
1.643021 1
1.644021 1
1.645021 1
1.646021 1
1.647021 1
1.648021 1
1.649021 1
1.650021 -1
1.651021 -1
1.652021 -14
1.653021 -8
1.654021 -8
1.655021 -8
1.656021 -5
1.657021 -4
1.658021 3
1.659021 3
1.660022 14
1.661022 10
1.662022 9
1.663022 6
1.664022 0
1.665022 -4
1.666022 -14
1.667022 -11
1.668022 -11
1.669022 -7
1.670022 0
1.671022 4
1.672022 12
1.673022 13
1.674022 11
1.675022 7
1.676022 0
1.677022 0
1.678022 0
1.679022 -2
1.680022 -2
1.681023 -2
1.682023 -2
1.683023 -4
1.684023 -4
1.685023 -4
1.686023 -4
1.687023 -3
1.688023 14
1.689023 14
1.690023 9
1.691023 9
1.692023 6
1.693023 -5
1.694023 -15
1.695023 -10
1.696023 -10
1.697023 -8
1.698023 0
1.699023 0
1.700023 3
1.701023 15
1.702024 9
1.703024 0
1.704024 0
1.705024 0
1.706024 0
1.707024 0
1.708024 0
1.709024 0
1.710024 0
1.711024 -1
1.712024 -1
1.713024 -6
1.714024 -6
1.715024 -6
1.716024 -4
1.717024 4
1.718024 14
1.719024 18
1.720024 10
1.721024 7
1.722024 7
1.723024 6
1.724025 -5
1.725025 -5
1.726025 -11
1.727025 -8
1.728025 0
1.729025 0
1.730025 0
1.731025 0
1.732025 0
1.733025 0
1.734025 0
1.735025 0
1.736025 1
1.737025 1
1.738025 1
1.739025 1
1.740025 1
1.741025 1
1.742025 1
1.743025 1
1.744025 1
1.745026 1
1.746026 1
1.747026 1
1.748026 1
1.749026 1
1.750026 1
1.751026 1
1.752026 1
1.753026 1
1.754026 1
1.755026 1
1.756026 -1
1.757026 -1
1.758026 -1
1.759026 -1
1.760026 -1
1.761026 -1
1.762026 -1
1.763026 -1
1.764026 -1
1.765026 2
1.766026 2
1.767027 2
1.768027 2
1.769027 2
1.770027 2
1.771027 2
1.772027 2
1.773027 2
1.774027 2
1.775027 1
1.776027 1
1.777027 1
1.778027 1
1.779027 1
1.780027 1
1.781027 1
1.782027 1
1.783027 0
1.784027 0
1.785027 0
1.786027 0
1.787027 0
1.788028 1
1.789028 17
1.790028 10
1.791028 9
1.792028 8
1.793028 6
1.794028 0
1.795028 0
1.796028 0
1.797028 0
1.798028 0
1.799028 0
1.800028 0
1.801028 -1
1.802028 -1
1.803028 -1
1.804028 -1
1.805028 -1
1.806028 -1
1.807028 -1
1.808028 -1
1.809029 -1
1.810029 -1
1.811029 -1
1.812029 -1
1.813029 -1
1.814029 -1
1.815029 -1
1.816029 -1
1.817029 -1
1.818029 -1
1.819029 1
1.820029 1
1.821029 7
1.822029 7
1.823029 7
1.824029 4
1.825029 0
1.826029 0
1.827029 0
1.828029 0
1.829029 0
1.830029 0
1.831030 0
1.832030 0
1.833030 -1
1.834030 -1
1.835030 -1
1.836030 -1
1.837030 -1
1.838030 -1
1.839030 -1
1.840030 2
1.841030 2
1.842030 2
1.843030 2
1.844030 2
1.845030 2
1.846030 2
1.847030 2
1.848030 2
1.849030 2
1.850030 1
1.851030 1
1.852031 -1
1.853031 -1
1.854031 -1
1.855031 -1
1.856031 -1
1.857031 -1
1.858031 -1
1.859031 -1
1.860031 -1
1.861031 -1
1.862031 -1
1.863031 -1
1.864031 -1
1.865031 -1
1.866031 1
1.867031 1
1.868031 9
1.869031 9
1.870031 6
1.871031 0
1.872031 0
1.873031 0
1.874032 0
1.875032 0
1.876032 0
1.877032 0
1.878032 0
1.879032 0
1.880032 0
1.881032 -1
1.882032 -1
1.883032 -1
1.884032 -1
1.885032 -1
1.886032 -1
1.887032 -1
1.888032 -1
1.889032 2
1.890032 2
1.891032 2
1.892032 2
1.893032 2
1.894032 2
1.895033 2
1.896033 2
1.897033 2
1.898033 2
1.899033 1
1.900033 -1
1.901033 -12
1.902033 -12
1.903033 -9
1.904033 -9
1.905033 -6
1.906033 0
1.907033 0
1.908033 3
1.909033 12
1.910033 10
1.911033 7
1.912033 0
1.913033 0
1.914033 0
1.915033 0
1.916034 0
1.917034 -2
1.918034 -9
1.919034 -9
1.920034 -7
1.921034 -5
1.922034 0
1.923034 0
1.924034 0
1.925034 0
1.926034 0
1.927034 0
1.928034 0
1.929034 0
1.930034 0
1.931034 0
1.932034 0
1.933034 0
1.934034 0
1.935034 0
1.936034 0
1.937034 0
1.938035 0
1.939035 0
1.940035 0
1.941035 0
1.942035 0
1.943035 0
1.944035 -1
1.945035 -15
1.946035 -16
1.947035 -13
1.948035 -9
1.949035 -9
1.950035 -5
1.951035 0
1.952035 3
1.953035 3
1.954035 13
1.955035 10
1.956035 8
1.957035 6
1.958035 0
1.959036 -4
1.960036 -14
1.961036 -11
1.962036 -9
1.963036 -9
1.964036 -5
1.965036 0
1.966036 4
1.967036 15
1.968036 11
1.969036 11
1.970036 0
1.971036 0
1.972036 0
1.973036 0
1.974036 -2
1.975036 -2
1.976036 -7
1.977036 -7
1.978036 -6
1.979036 -4
1.980036 0
1.981037 0
1.982037 0
1.983037 0
1.984037 2
1.985037 2
1.986037 2
1.987037 5
1.988037 5
1.989037 5
1.990037 4
1.991037 3
1.992037 3
1.993037 0
1.994037 -2
1.995037 -2
1.996037 -9
1.997037 -9
1.998037 -6
1.999037 -6
2.000037 -6
2.001037 -5
2.002037 4
2.003037 4
2.004037 12
2.005037 8
2.006037 7
2.007037 7
2.008037 5
2.009037 4
2.010037 -15
2.011037 -17
2.012037 -12
2.013036 0
2.014036 0
2.015036 0
2.016036 0
2.017036 0
2.018036 0
2.019036 2
2.020036 2
2.021036 2
2.022036 2
2.023036 2
2.024036 2
2.025036 2
2.026036 2
2.027035 2
2.028035 2
2.029035 1
2.030035 1
2.031035 1
2.032035 1
2.033035 1
2.034035 0
2.035035 0
2.036035 0
2.037035 0
2.038035 0
2.039035 0
2.040035 0
2.041034 0
2.042034 0
2.043034 0
2.044034 0
2.045034 0
2.046034 0
2.047034 0
2.048034 0
2.049034 0
2.050034 0
2.051034 0
2.052034 0
2.053034 0
2.054034 0
2.055033 0
2.056033 0
2.057033 0
2.058033 0
2.059033 0
2.060033 0
2.061033 0
2.062033 0
2.063033 0
2.064033 0
2.065033 0
2.066033 0
2.067033 0
2.068033 0
2.069032 0
2.070032 0
2.071032 0
2.072032 0
2.073032 0
2.074032 0
2.075032 0
2.076032 0
2.077032 0
2.078032 0
2.079032 0
2.080032 0
2.081032 0
2.082031 0
2.083031 0
2.084031 0
2.085031 0
2.086031 1
2.087031 1
2.088031 1
2.089031 4
2.090031 4
2.091031 4
2.092031 4
2.093031 3
2.094031 3
2.095031 2
2.096030 0
2.097030 0
2.098030 0
2.099030 0
2.100030 0
2.101030 -1
2.102030 -1
2.103030 -1
2.104030 -1
2.105030 -1
2.106030 -1
2.107030 -1
2.108030 -1
2.109030 -1
2.110029 -1
2.111029 -1
2.112029 -1
2.113029 -1
2.114029 -1
2.115029 -1
2.116029 -1
2.117029 -1
2.118029 -1
2.119029 -1
2.120029 -1
2.121029 -1
2.122029 -1
2.123029 -1
2.124028 1
2.125028 1
2.126028 1
2.127028 1
2.128028 4
2.129028 4
2.130028 4
2.131028 4
2.132028 3
2.133028 2
2.134028 -2
2.135028 -2
2.136028 -11
2.137028 -11
2.138027 -10
2.139027 -7
2.140027 0
2.141027 0
2.142027 0
2.143027 0
2.144027 2
2.145027 2
2.146027 7
2.147027 7
2.148027 7
2.149027 7
2.150027 6
2.151026 5
2.152026 0
2.153026 -3
2.154026 -14
2.155026 -16
2.156026 -10
2.157026 -10
2.158026 -7
2.159026 5
2.160026 16
2.161026 17
2.162026 10
2.163026 10
2.164026 7
2.165025 5
2.166025 -4
2.167025 -20
2.168025 -16
2.169025 -11
2.170025 -7
2.171025 -7
2.172025 8
2.173025 20
2.174025 15
2.175025 0
2.176025 0
2.177025 0
2.178025 -3
2.179024 -3
2.180024 -14
2.181024 -12
2.182024 -8
2.183024 0
2.184024 0
2.185024 3
2.186024 12
2.187024 12
2.188024 11
2.189024 9
2.190024 0
2.191024 0
2.192024 -3
2.193023 -18
2.194023 -15
2.195023 -13
2.196023 0
2.197023 0
2.198023 4
2.199023 4
2.200023 11
2.201023 9
2.202023 7
2.203023 7
2.204023 5
2.205023 -4
2.206023 -17
2.207022 -11
2.208022 -11
2.209022 -7
2.210022 0
2.211022 4
2.212022 14
2.213022 12
2.214022 12
2.215022 7
2.216022 0
2.217022 0
2.218022 -3
2.219022 -3
2.220021 -10
2.221021 -9
2.222021 0
2.223021 0
2.224021 0
2.225021 0
2.226021 2
2.227021 2
2.228021 17
2.229021 14
2.230021 0
2.231021 0
2.232021 0
2.233021 0
2.234020 0
2.235020 0
2.236020 -2
2.237020 -2
2.238020 -6
2.239020 -6
2.240020 -6
2.241020 -4
2.242020 -3
2.243020 0
2.244020 15
2.245020 15
2.246020 11
2.247020 10
2.248019 6
2.249019 0
2.250019 -16
2.251019 -16
2.252019 -12
2.253019 -9
2.254019 0
2.255019 0
2.256019 3
2.257019 3
2.258019 10
2.259019 10
2.260019 6
2.261019 0
2.262018 0
2.263018 0
2.264018 0
2.265018 -2
2.266018 -12
2.267018 -11
2.268018 -7
2.269018 -7
2.270018 -6
2.271018 5
2.272018 14
2.273018 11
2.274018 11
2.275017 7
2.276017 0
2.277017 0
2.278017 -3
2.279017 -3
2.280017 -10
2.281017 -10
2.282017 -7
2.283017 -7
2.284017 -5
2.285017 -4
2.286017 0
2.287017 3
2.288017 11
2.289016 11
2.290016 8
2.291016 8
2.292016 6
2.293016 -5
2.294016 -19
2.295016 -11
2.296016 -11
2.297016 -7
2.298016 0
2.299016 4
2.300016 15
2.301016 12
2.302016 11
2.303015 7
2.304015 0
2.305015 0
2.306015 0
2.307015 -2
2.308015 -15
2.309015 -14
2.310015 -12
2.311015 -8
2.312015 0
2.313015 0
2.314015 4
2.315015 15
2.316015 10
2.317014 10
2.318014 6
2.319014 0
2.320014 -4
2.321014 -16
2.322014 -16
2.323014 -9
2.324014 0
2.325014 0
2.326014 0
2.327014 3
2.328014 10
2.329014 10
2.330014 9
2.331013 9
2.332013 6
2.333013 4
2.334013 0
2.335013 -3
2.336013 -16
2.337013 -16
2.338013 -9
2.339013 -9
2.340013 6
2.341013 18
2.342013 20
2.343013 12
2.344012 10
2.345012 6
2.346012 -5
2.347012 -22
2.348012 -14
2.349012 -10
2.350012 0
2.351012 5
2.352012 20
2.353012 16
2.354012 0
2.355012 7
2.356012 7
2.357012 -6
2.358011 -19
2.359011 -18
2.360011 -9
2.361011 -7
2.362011 -7
2.363011 7
2.364011 20
2.365011 19
2.366011 15
2.367011 8
2.368011 -23
2.369011 -25
2.370011 -14
2.371011 -12
2.372010 -8
2.373010 6
2.374010 20
2.375010 15
2.376010 12
2.377010 8
2.378010 -6
2.379010 -20
2.380010 -17
2.381010 -10
2.382010 0
2.383010 0
2.384010 20
2.385010 24
2.386009 12
2.387009 11
2.388009 6
2.389009 0
2.390009 0
2.391009 -3
2.392009 -20
2.393009 -14
2.394009 -12
2.395009 -8
2.396009 0
2.397009 0
2.398009 3
2.399009 19
2.400008 20
2.401008 11
2.402008 11
2.403008 7
2.404008 -31
2.405008 -21
2.406008 -17
2.407008 -10
2.408008 0
2.409008 0
2.410008 3
2.411008 14
2.412008 14
2.413007 13
2.414007 0
2.415007 0
2.416007 0
2.417007 -23
2.418007 -17
2.419007 -16
2.420007 0
2.421007 -7
2.422007 -7
2.423007 -5
2.424007 -4
2.425007 16
2.426007 22
2.427006 15
2.428006 12
2.429006 0
2.430006 0
2.431006 0
2.432006 -3
2.433006 -13
2.434006 -11
2.435006 -11
2.436006 -7
2.437006 0
2.438006 4
2.439006 23
2.440006 18
2.441005 10
2.442005 10
2.443005 7
2.444005 5
2.445005 -4
2.446005 -4
2.447005 -18
2.448005 -13
2.449005 -12
2.450005 -8
2.451005 0
2.452005 4
2.453005 16
2.454005 18
2.455004 0
2.456004 0
2.457004 0
2.458004 -3
2.459004 -18
2.460004 -19
2.461004 -13
2.462004 -9
2.463004 0
2.464004 5
2.465004 18
2.466004 16
2.467004 9
2.468004 9
2.469003 6
2.470003 -21
2.471003 -13
2.472003 -13
2.473003 -9
2.474003 -9
2.475003 7
2.476003 17
2.477003 17
2.478003 9
2.479003 0
2.480003 0
2.481003 -4
2.482002 -14
2.483002 -9
2.484002 -9
2.485002 -6
2.486002 0
2.487002 4
2.488002 21
2.489002 11
2.490002 11
2.491002 6
2.492002 0
2.493002 -4
2.494002 -13
2.495002 -12
2.496001 -10
2.497001 0
2.498001 0
2.499001 4
2.500001 15
2.501001 16
2.502001 11
2.503001 9
2.504001 -6
2.505001 -6
2.506001 -15
2.507001 -11
2.508001 0
2.509001 0
2.510000 0
2.511000 0
2.512000 0
2.513000 2
2.514000 2
2.515000 13
2.516000 11
2.517000 8
2.518000 0
2.519000 0
2.520000 0
2.521000 -3
2.522000 -13
2.523000 -14
2.523999 -9
2.524999 0
2.525999 0
2.526999 0
2.527999 3
2.528999 15
2.529999 12
2.530999 8
2.531999 0
2.532999 -5
2.533999 -16
2.534999 -18
2.535999 -15
2.536999 0
2.537998 0
2.538998 0
2.539998 0
2.540998 0
2.541998 0
2.542998 2
2.543998 2
2.544998 2
2.545998 2
2.546998 4
2.547998 4
2.548998 4
2.549998 4
2.550997 3
2.551997 3
2.552997 2
2.553997 0
2.554997 0
2.555997 -2
2.556997 -2
2.557997 -2
2.558997 -2
2.559997 -2
2.560997 -3
2.561997 -3
2.562997 -3
2.563997 -3
2.564996 -3
2.565996 -3
2.566996 2
2.567996 2
2.568996 9
2.569996 9
2.570996 6
2.571996 0
2.572996 0
2.573996 -3
2.574996 -11
2.575996 -11
2.576996 -11
2.577996 -8
2.578995 0
2.579995 0
2.580995 3
2.581995 3
2.582995 12
2.583995 10
2.584995 10
2.585995 7
2.586995 0
2.587995 0
2.588995 0
2.589995 0
2.590995 0
2.591995 0
2.592994 -2
2.593994 -12
2.594994 -12
2.595994 -7
2.596994 0
2.597994 0
2.598994 0
2.599994 3
2.600994 14
2.601994 12
2.602994 8
2.603994 8
2.604994 6
2.605994 -5
2.606993 -19
2.607993 -17
2.608993 -12
2.609993 -11
2.610993 -6
2.611993 5
2.612993 12
2.613993 12
2.614993 8
2.615993 8
2.616993 6
2.617993 4
2.618993 -4
2.619992 -12
2.620992 -8
2.621992 -6
2.622992 -6
2.623992 -6
2.624992 -4
2.625992 4
2.626992 17
2.627992 16
2.628992 8
2.629992 7
2.630992 7
2.631992 6
2.632992 4
2.633991 -4
2.634991 -14
2.635991 -11
2.636991 -10
2.637991 -6
2.638991 0
2.639991 0
2.640991 3
2.641991 3
2.642991 10
2.643991 8
2.644991 0
2.645991 0
2.646991 0
2.647990 0
2.648990 -2
2.649990 -10
2.650990 -10
2.651990 -7
2.652990 0
2.653990 0
2.654990 0
2.655990 3
2.656990 14
2.657990 13
2.658990 12
2.659990 7
2.660990 0
2.661989 4
2.662989 4
2.663989 4
2.664989 4
2.665989 -4
2.666989 -15
2.667989 -10
2.668989 -10
2.669989 -7
2.670989 0
2.671989 0
2.672989 0
2.673989 2
2.674989 2
2.675988 8
2.676988 8
2.677988 6
2.678988 4
2.679988 0
2.680988 0
2.681988 0
2.682988 0
2.683988 0
2.684988 0
2.685988 0
2.686988 0
2.687988 0
2.688987 0
2.689987 0
2.690987 0
2.691987 0
2.692987 0
2.693987 0
2.694987 0
2.695987 1
2.696987 1
2.697987 1
2.698987 1
2.699987 1
2.700987 3
2.701987 3
2.702986 3
2.703986 3
2.704986 3
2.705986 3
2.706986 2
2.707986 2
2.708986 -2
2.709986 -2
2.710986 -2
2.711986 -2
2.712986 -2
2.713986 -2
2.714986 -2
2.715986 -2
2.716985 -2
2.717985 -1
2.718985 -1
2.719985 -1
2.720985 -1
2.721985 -1
2.722985 -1
2.723985 0
2.724985 0
2.725985 0
2.726985 0
2.727985 0
2.728985 0
2.729985 0
2.730984 0
2.731984 0
2.732984 0
2.733984 0
2.734984 0
2.735984 0
2.736984 0
2.737984 0
2.738984 0
2.739984 0
2.740984 0
2.741984 0
2.742984 0
2.743984 0
2.744983 0
2.745983 0
2.746983 0
2.747983 0
2.748983 0
2.749983 0
2.750983 0
2.751983 0
2.752983 0
2.753983 0
2.754983 0
2.755983 0
2.756983 0
2.757982 0
2.758982 0
2.759982 0
2.760982 0
2.761982 0
2.762982 0
2.763982 0
2.764982 0
2.765982 0
2.766982 0
2.767982 0
2.768982 0
2.769982 0
2.770982 0
2.771981 0
2.772981 0
2.773981 0
2.774981 0
2.775981 0
2.776981 0
2.777981 0
2.778981 0
2.779981 0
2.780981 0
2.781981 0
2.782981 0
2.783981 0
2.784981 -11
2.785980 -11
2.786980 -12
2.787980 -9
2.788980 0
2.789980 -5
2.790980 -5
2.791980 -5
2.792980 -4
2.793980 -3
2.794980 -3
2.795980 0
2.796980 0
2.797980 0
2.798980 0
2.799979 0
2.800979 0
2.801979 0
2.802979 0
2.803979 0
2.804979 0
2.805979 0
2.806979 -1
2.807979 -1
2.808979 -1
2.809979 -1
2.810979 -1
2.811979 -1
2.812979 -1
2.813978 -1
2.814978 2
2.815978 2
2.816978 9
2.817978 9
2.818978 8
2.819978 8
2.820978 5
2.821978 -4
2.822978 -17
2.823978 -20
2.824978 -14
2.825978 -9
2.826977 0
2.827977 0
2.828977 17
2.829977 20
2.830977 10
2.831977 10
2.832977 8
2.833977 -6
2.834977 -20
2.835977 -18
2.836977 -12
2.837977 0
2.838977 0
2.839977 0
2.840976 3
2.841976 14
2.842976 13
2.843976 13
2.844976 7
2.845976 0
2.846976 0
2.847976 0
2.848976 0
2.849976 -2
2.850976 -12
2.851976 -12
2.852976 -6
2.853976 -6
2.854975 -6
2.855975 5
2.856975 17
2.857975 15
2.858975 10
2.859975 8
2.860975 8
2.861975 6
2.862975 -19
2.863975 -15
2.864975 -12
2.865975 0
2.866975 0
2.867975 0
2.868974 0
2.869974 0
2.870974 2
2.871974 2
2.872974 8
2.873974 8
2.874974 8
2.875974 8
2.876974 5
2.877974 4
2.878974 0
2.879974 0
2.880974 -2
2.881974 -2
2.882973 -12
2.883973 -11
2.884973 -9
2.885973 -6
2.886973 0
2.887973 4
2.888973 20
2.889973 17
2.890973 11
2.891973 11
2.892973 6
2.893973 0
2.894973 0
2.895972 -3
2.896972 -18
2.897972 -15
2.898972 -9
2.899972 0
2.900972 0
2.901972 0
2.902972 3
2.903972 14
2.904972 13
2.905972 9
2.906972 0
2.907972 0
2.908972 0
2.909971 0
2.910971 -2
2.911971 -17
2.912971 -13
2.913971 -11
2.914971 0
2.915971 4
2.916971 23
2.917971 20
2.918971 15
2.919971 8
2.920971 0
2.921971 -4
2.922971 -14
2.923970 -14
2.924970 -11
2.925970 -9
2.926970 0
2.927970 4
2.928970 18
2.929970 12
2.930970 12
2.931970 7
2.932970 0
2.933970 0
2.934970 -3
2.935970 -15
2.936970 -16
2.937969 0
2.938969 0
2.939969 0
2.940969 0
2.941969 3
2.942969 13
2.943969 11
2.944969 10
2.945969 6
2.946969 0
2.947969 -4
2.948969 -14
2.949969 -16
2.950969 -9
2.951968 -9
2.952968 -7
2.953968 -5
2.954968 19
2.955968 18
2.956968 14
2.957968 8
2.958968 0
2.959968 -4
2.960968 -13
2.961968 -13
2.962968 -9
2.963968 -9
2.964967 -6
2.965967 0
2.966967 4
2.967967 20
2.968967 15
2.969967 12
2.970967 9
2.971967 0
2.972967 -18
2.973967 -17
2.974967 -12
2.975967 0
2.976967 0
2.977967 0
2.978966 3
2.979966 15
2.980966 16
2.981966 13
2.982966 0
2.983966 6
2.984966 6
2.985966 6
2.986966 4
2.987966 -3
2.988966 -18
2.989966 -18
2.990966 -12
2.991966 -11
2.992965 -6
2.993965 5
2.994965 19
2.995965 12
2.996965 12
2.997965 7
2.998965 0
2.999965 0
3.000965 -3
3.001965 -14
3.002965 -10
3.003965 -10
3.004965 -7
3.005965 -5
3.006964 18
3.007964 24
3.008964 12
3.009964 11
3.010964 0
3.011964 -5
3.012964 -18
3.013964 -16
3.014964 -12
3.015964 -9
3.016964 5
3.017964 24
3.018964 16
3.019964 14
3.020963 8
3.021963 0
3.022963 -4
3.023963 -4
3.024963 -15
3.025963 -15
3.026963 0
3.027963 0
3.028963 0
3.029963 3
3.030963 16
3.031963 17
3.032963 10
3.033962 9
3.034962 8
3.035962 6
3.036962 -4
3.037962 -21
3.038962 -17
3.039962 -9
3.040962 -8
3.041962 -8
3.042962 6
3.043962 20
3.044962 10
3.045962 10
3.046962 7
3.047961 -5
3.048961 -18
3.049961 -13
3.050961 -9
3.051961 0
3.052961 4
3.053961 22
3.054961 19
3.055961 12
3.056961 10
3.057961 6
3.058961 -21
3.059961 -23
3.060961 -14
3.061960 -12
3.062960 0
3.063960 0
3.064960 22
3.065960 19
3.066960 10
3.067960 0
3.068960 -4
3.069960 -21
3.070960 -22
3.071960 -15
3.072960 -9
3.073960 0
3.074960 5
3.075959 19
3.076959 15
3.077959 9
3.078959 0
3.079959 0
3.080959 0
3.081959 0
3.082959 -2
3.083959 -15
3.084959 -12
3.085959 -11
3.086959 0
3.087959 0
3.088959 0
3.089958 3
3.090958 15
3.091958 15
3.092958 9
3.093958 7
3.094958 7
3.095958 6
3.096958 -5
3.097958 -23
3.098958 -16
3.099958 -12
3.100958 0
3.101958 0
3.102957 0
3.103957 0
3.104957 2
3.105957 2
3.106957 8
3.107957 8
3.108957 6
3.109957 5
3.110957 0
3.111957 0
3.112957 -2
3.113957 -2
3.114957 -13
3.115957 -12
3.116956 -8
3.117956 0
3.118956 4
3.119956 4
3.120956 14
3.121956 14
3.122956 8
3.123956 0
3.124956 0
3.125956 -3
3.126956 -17
3.127956 -14
3.128956 -9
3.129956 0
3.130955 0
3.131955 4
3.132955 18
3.133955 14
3.134955 11
3.135955 8
3.136955 -21
3.137955 -22
3.138955 -16
3.139955 -12
3.140955 0
3.141955 0
3.142955 4
3.143955 17
3.144954 9
3.145954 9
3.146954 7
3.147954 -5
3.148954 -20
3.149954 -14
3.150954 -9
3.151954 0
3.152954 4
3.153954 19
3.154954 16
3.155954 11
3.156954 0
3.157954 0
3.158953 0
3.159953 -3
3.160953 -12
3.161953 -12
3.162953 -6
3.163953 0
3.164953 0
3.165953 0
3.166953 0
3.167953 2
3.168953 10
3.169953 10
3.170953 6
3.171952 6
3.172952 6
3.173952 5
3.174952 -4
3.175952 -17
3.176952 -16
3.177952 -11
3.178952 -9
3.179952 -6
3.180952 24
3.181952 15
3.182952 11
3.183952 0
3.184952 0
3.185951 0
3.186951 0
3.187951 0
3.188951 -2
3.189951 -8
3.190951 -8
3.191951 -7
3.192951 -4
3.193951 0
3.194951 0
3.195951 3
3.196951 14
3.197951 9
3.198951 9
3.199950 8
3.200950 5
3.201950 -4
3.202950 -20
3.203950 -11
3.204950 -11
3.205950 -7
3.206950 0
3.207950 0
3.208950 0
3.209950 3
3.210950 10
3.211950 10
3.212950 6
3.213949 0
3.214949 0
3.215949 0
3.216949 0
3.217949 0
3.218949 -2
3.219949 -8
3.220949 -8
3.221949 -7
3.222949 -5
3.223949 0
3.224949 0
3.225949 0
3.226948 2
3.227948 9
3.228948 9
3.229948 7
3.230948 5
3.231948 5
3.232948 5
3.233948 5
3.234948 3
3.235948 -3
3.236948 -15
3.237948 -15
3.238948 -10
3.239948 -10
3.240947 -7
3.241947 -5
3.242947 0
3.243947 0
3.244947 0
3.245947 0
3.246947 2
3.247947 11
3.248947 8
3.249947 7
3.250947 7
3.251947 6
3.252947 4
3.253947 -4
3.254946 -16
3.255946 -12
3.256946 -9
3.257946 0
3.258946 17
3.259946 20
3.260946 13
3.261946 13
3.262946 7
3.263946 0
3.264946 -20
3.265946 -15
3.266946 -12
3.267946 -9
3.268945 -9
3.269945 -6
3.270945 5
3.271945 14
3.272945 14
3.273945 10
3.274945 0
3.275945 0
3.276945 0
3.277945 -3
3.278945 -3
3.279945 -9
3.280945 -7
3.281945 -5
3.282944 0
3.283944 0
3.284944 0
3.285944 0
3.286944 0
3.287944 0
3.288944 0
3.289944 1
3.290944 1
3.291944 1
3.292944 1
3.293944 4
3.294944 4
3.295943 4
3.296943 4
3.297943 3
3.298943 -3
3.299943 -13
3.300943 -17
3.301943 -11
3.302943 0
3.303943 0
3.304943 0
3.305943 0
3.306943 3
3.307943 11
3.308943 10
3.309942 7
3.310942 0
3.311942 0
3.312942 0
3.313942 0
3.314942 0
3.315942 0
3.316942 -2
3.317942 -13
3.318942 -11
3.319942 -11
3.320942 -7
3.321942 0
3.322942 4
3.323941 15
3.324941 13
3.325941 13
3.326941 0
3.327941 0
3.328941 0
3.329941 -3
3.330941 -10
3.331941 -10
3.332941 -6
3.333941 0
3.334941 0
3.335941 0
3.336941 0
3.337940 0
3.338940 2
3.339940 11
3.340940 9
3.341940 7
3.342940 7
3.343940 6
3.344940 -5
3.345940 -20
3.346940 -11
3.347940 -10
3.348940 -6
3.349940 0
3.350940 3
3.351939 3
3.352939 12
3.353939 10
3.354939 9
3.355939 6
3.356939 -5
3.357939 -15
3.358939 -12
3.359939 -12
3.360939 -6
3.361939 0
3.362939 0
3.363939 3
3.364938 12
3.365938 12
3.366938 9
3.367938 9
3.368938 5
3.369938 0
3.370938 -4
3.371938 -14
3.372938 -9
3.373938 -9
3.374938 -7
3.375938 -5
3.376938 4
3.377938 18
3.378937 15
3.379937 14
3.380937 0
3.381937 0
3.382937 0
3.383937 -3
3.384937 -3
3.385937 -7
3.386937 -7
3.387937 -6
3.388937 -5
3.389937 0
3.390937 3
3.391937 13
3.392936 11
3.393936 11
3.394936 7
3.395936 0
3.396936 -4
3.397936 -17
3.398936 -16
3.399936 -10
3.400936 -9
3.401936 -8
3.402936 -6
3.403936 4
3.404936 15
3.405936 14
3.406935 11
3.407935 0
3.408935 0
3.409935 0
3.410935 -3
3.411935 -12
3.412935 -10
3.413935 -8
3.414935 -8
3.415935 -5
3.416935 -4
3.417935 0
3.418935 3
3.419935 12
3.420934 12
3.421934 11
3.422934 9
3.423934 0
3.424934 0
3.425934 0
3.426934 -3
3.427934 -3
3.428934 -10
3.429934 -8
3.430934 -6
3.431934 0
3.432934 0
3.433933 0
3.434933 0
3.435933 0
3.436933 0
3.437933 2
3.438933 10
3.439933 10
3.440933 7
3.441933 0
3.442933 0
3.443933 0
3.444933 -3
3.445933 -10
3.446933 -10
3.447932 -12
3.448932 -8
3.449932 0
3.450932 0
3.451932 3
3.452932 3
3.453932 11
3.454932 9
3.455932 8
3.456932 8
3.457932 5
3.458932 0
3.459932 -3
3.460932 -13
3.461931 -10
3.462931 0
3.463931 -5
3.464931 -5
3.465931 -5
3.466931 -5
3.467931 4
3.468931 14
3.469931 15
3.470931 8
3.471931 0
3.472931 0
3.473931 0
3.474931 -3
3.475930 -12
3.476930 -12
3.477930 -9
3.478930 -9
3.479930 -6
3.480930 -5
3.481930 4
3.482930 12
3.483930 13
3.484930 10
3.485930 7
3.486930 7
3.487930 6
3.488930 4
3.489929 -3
3.490929 -17
3.491929 -19
3.492929 -11
3.493929 0
3.494929 0
3.495929 0
3.496929 0
3.497929 2
3.498929 2
3.499929 10
3.500929 10
3.501929 9
3.502928 8
3.503928 5
3.504928 0
3.505928 -18
3.506928 -18
3.507928 -11
3.508928 -10
3.509928 -8
3.510928 -6
3.511928 0
3.512928 4
3.513928 13
3.514928 14
3.515928 8
3.516927 0
3.517927 0
3.518927 0
3.519927 0
3.520927 0
3.521927 -2
3.522927 -13
3.523927 -14
3.524927 -14
3.525927 0
3.526927 0
3.527927 0
3.528927 3
3.529927 13
3.530926 13
3.531926 10
3.532926 7
3.533926 0
3.534926 0
3.535926 0
3.536926 0
3.537926 -2
3.538926 -9
3.539926 -9
3.540926 -7
3.541926 -7
3.542926 -7
3.543926 -5
3.544925 4
3.545925 19
3.546925 17
3.547925 0
3.548925 0
3.549925 0
3.550925 0
3.551925 0
3.552925 -2
3.553925 -2
3.554925 -7
3.555925 -7
3.556925 -6
3.557925 -4
3.558924 0
3.559924 0
3.560924 2
3.561924 18
3.562924 10
3.563924 10
3.564924 7
3.565924 0
3.566924 0
3.567924 0
3.568924 -3
3.569924 -12
3.570924 -10
3.571923 -8
3.572923 -8
3.573923 -5
3.574923 4
3.575923 17
3.576923 13
3.577923 10
3.578923 0
3.579923 0
3.580923 0
3.581923 0
3.582923 -3
3.583923 -22
3.584923 -12
3.585922 0
3.586922 0
3.587922 0
3.588922 0
3.589922 2
3.590922 2
3.591922 12
3.592922 11
3.593922 10
3.594922 6
3.595922 0
3.596922 0
3.597922 -18
3.598922 -18
3.599921 -14
3.600921 -13
3.601921 0
3.602921 0
3.603921 21
3.604921 20
3.605921 11
3.606921 11
3.607921 7
3.608921 0
3.609921 -4
3.610921 -14
3.611921 -12
3.612921 -12
3.613920 -7
3.614920 0
3.615920 0
3.616920 0
3.617920 3
3.618920 3
3.619920 9
3.620920 8
3.621920 0
3.622920 0
3.623920 0
3.624920 0
3.625920 0
3.626920 0
3.627919 0
3.628919 0
3.629919 0
3.630919 0
3.631919 0
3.632919 0
3.633919 0
3.634919 0
3.635919 0
3.636919 -1
3.637919 -10
3.638919 -10
3.639919 -13
3.640918 -8
3.641918 0
3.642918 0
3.643918 0
3.644918 0
3.645918 0
3.646918 2
3.647918 12
3.648918 15
3.649918 11
3.650918 9
3.651918 8
3.652918 6
3.653918 -21
3.654917 -16
3.655917 -14
3.656917 -8
3.657917 0
3.658917 0
3.659917 14
3.660917 14
3.661917 12
3.662917 8
3.663917 0
3.664917 -4
3.665917 -15
3.666917 -15
3.667917 -10
3.668916 0
3.669916 0
3.670916 0
3.671916 3
3.672916 3
3.673916 11
3.674916 8
3.675916 8
3.676916 8
3.677916 5
3.678916 -5
3.679916 -16
3.680916 -16
3.681916 -10
3.682915 -10
3.683915 -6
3.684915 0
3.685915 18
3.686915 17
3.687915 11
3.688915 9
3.689915 8
3.690915 -7
3.691915 -16
3.692915 -15
3.693915 0
3.694915 0
3.695915 4
3.696914 17
3.697914 17
3.698914 11
3.699914 0
3.700914 0
3.701914 0
3.702914 -3
3.703914 -14
3.704914 -12
3.705914 -11
3.706914 -7
3.707914 0
3.708914 0
3.709913 3
3.710913 3
3.711913 14
3.712913 14
3.713913 0
3.714913 7
3.715913 7
3.716913 5
3.717913 -20
3.718913 -18
3.719913 -11
3.720913 -10
3.721913 -8
3.722913 -5
3.723912 5
3.724912 15
3.725912 14
3.726912 9
3.727912 0
3.728912 0
3.729912 0
3.730912 -3
3.731912 -3
3.732912 -10
3.733912 -9
3.734912 -9
3.735912 -6
3.736912 -5
3.737911 4
3.738911 20
3.739911 15
3.740911 9
3.741911 9
3.742911 7
3.743911 -5
3.744911 -17
3.745911 -18
3.746911 -11
3.747911 -10
3.748911 -8
3.749911 0
3.750911 5
3.751910 20
3.752910 12
3.753910 10
3.754910 8
3.755910 0
3.756910 -21
3.757910 -16
3.758910 -13
3.759910 0
3.760910 0
3.761910 0
3.762910 3
3.763910 10
3.764910 10
3.765909 7
3.766909 6
3.767909 6
3.768909 6
3.769909 -5
3.770909 -17
3.771909 -14
3.772909 -11
3.773909 0
3.774909 0
3.775909 0
3.776909 0
3.777909 3
3.778908 12
3.779908 9
3.780908 6
3.781908 6
3.782908 6
3.783908 -6
3.784908 -16
3.785908 -16
3.786908 -12
3.787908 -9
3.788908 -6
3.789908 0
3.790908 4
3.791908 15
3.792907 10
3.793907 0
3.794907 0
3.795907 0
3.796907 0
3.797907 0
3.798907 -2
3.799907 -9
3.800907 -9
3.801907 -6
3.802907 -5
3.803907 0
3.804907 0
3.805907 0
3.806906 0
3.807906 0
3.808906 2
3.809906 14
3.810906 14
3.811906 8
3.812906 0
3.813906 0
3.814906 -3
3.815906 -18
3.816906 -11
3.817906 -11
3.818906 -7
3.819906 0
3.820905 0
3.821905 3
3.822905 13
3.823905 11
3.824905 11
3.825905 6
3.826905 0
3.827905 0
3.828905 -3
3.829905 -16
3.830905 -12
3.831905 -9
3.832905 -6
3.833905 4
3.834904 22
3.835904 19
3.836904 10
3.837904 10
3.838904 7
3.839904 -26
3.840904 -24
3.841904 -15
3.842904 -11
3.843904 0
3.844904 0
3.845904 4
3.846904 17
3.847903 14
3.848903 10
3.849903 0
3.850903 0
3.851903 -3
3.852903 -18
3.853903 -14
3.854903 -10
3.855903 0
3.856903 0
3.857903 3
3.858903 3
3.859903 14
3.860903 14
3.861902 7
3.862902 0
3.863902 -4
3.864902 -4
3.865902 -15
3.866902 -15
3.867902 0
3.868902 -5
3.869902 -5
3.870902 -5
3.871902 -4
3.872902 -4
3.873902 -3
3.874902 0
3.875901 0
3.876901 0
3.877901 0
3.878901 0
3.879901 0
3.880901 0
3.881901 0
3.882901 0
3.883901 0
3.884901 0
3.885901 0
3.886901 0
3.887901 13
3.888901 13
3.889900 14
3.890900 8
3.891900 7
3.892900 7
3.893900 5
3.894900 -5
3.895900 -15
3.896900 -15
3.897900 0
3.898900 -6
3.899900 -6
3.900900 7
3.901900 13
3.902900 13
3.903899 10
3.904899 7
3.905899 0
3.906899 0
3.907899 -3
3.908899 -14
3.909899 -14
3.910899 -12
3.911899 0
3.912899 0
3.913899 0
3.914899 0
3.915899 2
3.916898 2
3.917898 12
3.918898 11
3.919898 9
3.920898 6
3.921898 -4
3.922898 -22
3.923898 -15
3.924898 -10
3.925898 -10
3.926898 -6
3.927898 26
3.928898 16
3.929898 14
3.930897 8
3.931897 0
3.932897 -4
3.933897 -19
3.934897 -15
3.935897 -8
3.936897 0
3.937897 4
3.938897 19
3.939897 20
3.940897 11
3.941897 0
3.942897 0
3.943897 0
3.944896 -3
3.945896 -19
3.946896 -13
3.947896 -10
3.948896 -9
3.949896 -5
3.950896 0
3.951896 18
3.952896 18
3.953896 13
3.954896 0
3.955896 0
3.956896 0
3.957896 0
3.958895 0
3.959895 -2
3.960895 -12
3.961895 -13
3.962895 -12
3.963895 0
3.964895 0
3.965895 4
3.966895 21
3.967895 18
3.968895 16
3.969895 8
3.970895 8
3.971895 6
3.972894 -5
3.973894 -19
3.974894 -18
3.975894 -12
3.976894 -9
3.977894 0
3.978894 0
3.979894 4
3.980894 18
3.981894 14
3.982894 11
3.983894 9
3.984894 6
3.985893 0
3.986893 0
3.987893 0
3.988893 -2
3.989893 -14
3.990893 -13
3.991893 -12
3.992893 -9
3.993893 -9
3.994893 -6
3.995893 5
3.996893 22
3.997893 13
3.998893 13
